


 STREAM LISTING     PERIOD      1   STEP        1

 LAYER ROW COL. STREAM  RCH.  FLOW INTO     FLOW TO   FLOW OUT OF   OVRLND.     DIRECT     STREAM       STREAM     STREAM     STREAM   STREAMBED  STREAMBED
                SEG.NO.  NO.  STRM. RCH.    AQUIFER    STRM. RCH.    RUNOFF     PRECIP       ET          HEAD       DEPTH      WIDTH   CONDCTNC.   GRADIENT

   1   52   54     1     1    1.4146E-02 -2.0846E-04   1.4354E-02  0.000E+00  0.000E+00  0.000E+00  1.24831E+02  2.438E-02  7.755E+00  3.102E-04 -1.344E+00
   1   53   54     1     2    1.4354E-02 -5.2759E-05   1.4407E-02  0.000E+00  0.000E+00  0.000E+00  1.24828E+02  2.467E-02  7.673E+00  7.673E-05 -1.375E+00
   1   53   55     1     3    1.4407E-02 -1.0591E-04   1.4513E-02  0.000E+00  0.000E+00  0.000E+00  1.24825E+02  2.485E-02  7.625E+00  1.525E-04 -1.389E+00
   1   54   55     1     4    1.4513E-02 -1.5816E-04   1.4671E-02  0.000E+00  0.000E+00  0.000E+00  1.24821E+02  2.514E-02  7.543E+00  2.263E-04 -1.398E+00
   1   55   55     1     5    1.4671E-02 -5.2528E-05   1.4724E-02  0.000E+00  0.000E+00  0.000E+00  1.24818E+02  2.538E-02  7.478E+00  7.478E-05 -1.405E+00
   1   55   56     1     6    1.4724E-02 -1.5657E-04   1.4880E-02  0.000E+00  0.000E+00  0.000E+00  1.24815E+02  2.562E-02  7.413E+00  2.224E-04 -1.408E+00
   1   56   56     1     7    1.4880E-02 -1.5493E-04   1.5035E-02  0.000E+00  0.000E+00  0.000E+00  1.24811E+02  2.599E-02  7.315E+00  2.195E-04 -1.412E+00
   1   57   56     1     8    1.5035E-02 -5.1214E-05   1.5086E-02  0.000E+00  0.000E+00  0.000E+00  1.24808E+02  2.624E-02  7.250E+00  7.250E-05 -1.413E+00
   1   57   57     1     9    1.5086E-02 -2.0247E-04   1.5289E-02  0.000E+00  0.000E+00  0.000E+00  1.24805E+02  2.655E-02  7.169E+00  2.867E-04 -1.412E+00
   1   58   57     1    10    1.5289E-02 -1.4965E-04   1.5439E-02  0.000E+00  0.000E+00  0.000E+00  1.24801E+02  2.699E-02  7.055E+00  2.116E-04 -1.414E+00
   1   58   58     1    11    1.5439E-02 -4.9533E-05   1.5488E-02  0.000E+00  0.000E+00  0.000E+00  1.24798E+02  2.724E-02  6.989E+00  6.989E-05 -1.417E+00
   1   59   58     1    12    1.5488E-02 -1.9510E-04   1.5683E-02  0.000E+00  0.000E+00  0.000E+00  1.24795E+02  2.756E-02  6.908E+00  2.763E-04 -1.412E+00
   1   60   58     1    13    1.5683E-02 -9.6199E-05   1.5779E-02  0.000E+00  0.000E+00  0.000E+00  1.24791E+02  2.795E-02  6.810E+00  1.362E-04 -1.413E+00
   1   60   59     1    14    1.5779E-02 -4.7801E-05   1.5827E-02  0.000E+00  0.000E+00  0.000E+00  1.24788E+02  2.815E-02  6.761E+00  6.761E-05 -1.414E+00
   1   61   59     1    15    1.5827E-02 -1.4154E-04   1.5969E-02  0.000E+00  0.000E+00  0.000E+00  1.24785E+02  2.842E-02  6.696E+00  2.009E-04 -1.409E+00
   1   62   59     1    16    1.5969E-02 -9.3041E-05   1.6062E-02  0.000E+00  0.000E+00  0.000E+00  1.24781E+02  2.875E-02  6.615E+00  1.323E-04 -1.407E+00
   1   62   60     1    17    1.6062E-02 -9.2094E-05   1.6154E-02  0.000E+00  0.000E+00  0.000E+00  1.24779E+02  2.902E-02  6.550E+00  1.310E-04 -1.406E+00
   1   63   60     1    18    1.6154E-02 -1.3603E-04   1.6290E-02  0.000E+00  0.000E+00  0.000E+00  1.24775E+02  2.936E-02  6.468E+00  1.941E-04 -1.402E+00
   1   64   60     1    19    1.6290E-02 -4.4764E-05   1.6335E-02  0.000E+00  0.000E+00  0.000E+00  1.24771E+02  2.964E-02  6.403E+00  6.403E-05 -1.398E+00
   1   64   61     1    20    1.6335E-02 -1.3271E-04   1.6467E-02  0.000E+00  0.000E+00  0.000E+00  1.24769E+02  2.992E-02  6.338E+00  1.901E-04 -1.396E+00
   1   65   61     1    21    1.6467E-02 -1.3036E-04   1.6598E-02  0.000E+00  0.000E+00  0.000E+00  1.24764E+02  3.034E-02  6.240E+00  1.872E-04 -1.393E+00
   1   66   61     1    22    1.6598E-02 -4.2830E-05   1.6641E-02  0.000E+00  0.000E+00  0.000E+00  1.24762E+02  3.063E-02  6.175E+00  6.175E-05 -1.387E+00
   1   66   62     1    23    1.6641E-02 -1.6865E-04   1.6809E-02  0.000E+00  0.000E+00  0.000E+00  1.24759E+02  3.099E-02  6.094E+00  2.438E-04 -1.384E+00
   1   67   62     1    24    1.6809E-02 -1.2388E-04   1.6933E-02  0.000E+00  0.000E+00  0.000E+00  1.24755E+02  3.150E-02  5.980E+00  1.794E-04 -1.381E+00
   1   67   63     1    25    1.6933E-02 -4.0852E-05   1.6974E-02  0.000E+00  0.000E+00  0.000E+00  1.24752E+02  3.180E-02  5.915E+00  5.915E-05 -1.381E+00
   1   68   63     1    26    1.6974E-02 -1.2050E-04   1.7094E-02  0.000E+00  0.000E+00  0.000E+00  1.24749E+02  3.211E-02  5.850E+00  1.755E-04 -1.373E+00
   1   69   63     1    27    1.7094E-02 -1.1815E-04   1.7213E-02  0.000E+00  0.000E+00  0.000E+00  1.24745E+02  3.257E-02  5.752E+00  1.726E-04 -1.369E+00
   1   69   64     1    28    1.7213E-02 -3.8927E-05   1.7252E-02  0.000E+00  0.000E+00  0.000E+00  1.24743E+02  3.288E-02  5.687E+00  5.687E-05 -1.369E+00
   1   70   64     1    29    1.7252E-02 -1.1484E-04   1.7366E-02  0.000E+00  0.000E+00  0.000E+00  1.24739E+02  3.320E-02  5.622E+00  1.686E-04 -1.362E+00
   1   71   64     1    30    1.7366E-02 -7.5186E-05   1.7442E-02  0.000E+00  0.000E+00  0.000E+00  1.24735E+02  3.360E-02  5.540E+00  1.108E-04 -1.357E+00
   1   71   65     1    31    1.7442E-02 -7.4209E-05   1.7516E-02  0.000E+00  0.000E+00  0.000E+00  1.24733E+02  3.392E-02  5.475E+00  1.095E-04 -1.355E+00
   1   72   65     1    32    1.7516E-02 -1.0918E-04   1.7625E-02  0.000E+00  0.000E+00  0.000E+00  1.24729E+02  3.434E-02  5.394E+00  1.618E-04 -1.350E+00
   1   73   65     1    33    1.7625E-02 -3.5805E-05   1.7661E-02  0.000E+00  0.000E+00  0.000E+00  1.24726E+02  3.467E-02  5.328E+00  5.328E-05 -1.344E+00
   1   73   66     1    34    1.7661E-02 -1.0587E-04   1.7767E-02  0.000E+00  0.000E+00  0.000E+00  1.24723E+02  3.501E-02  5.263E+00  1.579E-04 -1.341E+00
   1   74   66     1    35    1.7767E-02 -1.0354E-04   1.7870E-02  0.000E+00  0.000E+00  0.000E+00  1.24719E+02  3.553E-02  5.166E+00  1.550E-04 -1.336E+00
   1   75   66     1    36    1.7870E-02 -3.3905E-05   1.7904E-02  0.000E+00  0.000E+00  0.000E+00  1.24716E+02  3.589E-02  5.100E+00  5.100E-05 -1.329E+00
   1   75   67     1    37    1.7904E-02 -1.0018E-04   1.8004E-02  0.000E+00  0.000E+00  0.000E+00  1.24714E+02  3.624E-02  5.035E+00  1.511E-04 -1.326E+00
   1   76   67     1    38    1.8004E-02 -9.7914E-05   1.8102E-02  0.000E+00  0.000E+00  0.000E+00  1.24709E+02  3.679E-02  4.938E+00  1.481E-04 -1.322E+00
   1   76   68     1    39    1.8102E-02 -3.2185E-05   1.8134E-02  0.000E+00  0.000E+00  0.000E+00  1.24707E+02  3.717E-02  4.872E+00  4.872E-05 -1.321E+00
   1   77   68     1    40    1.8134E-02 -9.4610E-05   1.8229E-02  0.000E+00  0.000E+00  0.000E+00  1.24704E+02  3.755E-02  4.807E+00  1.442E-04 -1.312E+00
   1   78   68     1    41    1.8229E-02 -9.2332E-05   1.8321E-02  0.000E+00  0.000E+00  0.000E+00  1.24700E+02  3.813E-02  4.710E+00  1.413E-04 -1.307E+00
   1   78   69     1    42    1.8321E-02 -3.0324E-05   1.8352E-02  0.000E+00  0.000E+00  0.000E+00  1.24698E+02  3.852E-02  4.644E+00  4.644E-05 -1.306E+00
   1   79   69     1    43    1.8352E-02 -8.9149E-05   1.8441E-02  0.000E+00  0.000E+00  0.000E+00  1.24694E+02  3.893E-02  4.579E+00  1.374E-04 -1.298E+00
   1   80   69     1    44    1.8441E-02 -5.8117E-05   1.8499E-02  0.000E+00  0.000E+00  0.000E+00  1.24691E+02  3.944E-02  4.498E+00  8.996E-05 -1.292E+00
   1   80   70     1    45    1.8499E-02 -5.7178E-05   1.8556E-02  0.000E+00  0.000E+00  0.000E+00  1.24688E+02  3.986E-02  4.433E+00  8.866E-05 -1.290E+00
   1   81   70     1    46    1.8556E-02 -8.3749E-05   1.8640E-02  0.000E+00  0.000E+00  0.000E+00  1.24685E+02  4.040E-02  4.351E+00  1.305E-04 -1.283E+00
   1   82   70     1    47    1.8640E-02 -2.7361E-05   1.8667E-02  0.000E+00  0.000E+00  0.000E+00  1.24681E+02  4.084E-02  4.286E+00  4.286E-05 -1.277E+00
   1   82   71     1    48    1.8667E-02 -5.3987E-05   1.8721E-02  0.000E+00  0.000E+00  0.000E+00  1.24679E+02  4.117E-02  4.237E+00  8.475E-05 -1.274E+00
   1   83   71     1    49    1.8721E-02 -1.0495E-04   1.8826E-02  0.000E+00  0.000E+00  0.000E+00  1.24675E+02  4.186E-02  4.140E+00  1.656E-04 -1.268E+00
   1   84   71     1    50    1.8826E-02 -2.5566E-05   1.8852E-02  0.000E+00  0.000E+00  0.000E+00  1.24672E+02  4.245E-02  4.058E+00  4.058E-05 -1.260E+00
   1   84   72     1    51    1.8852E-02 -7.5277E-05   1.8927E-02  0.000E+00  0.000E+00  0.000E+00  1.24670E+02  4.293E-02  3.993E+00  1.198E-04 -1.257E+00
   1   85   72     1    52    1.8927E-02 -7.3136E-05   1.9000E-02  0.000E+00  0.000E+00  0.000E+00  1.24666E+02  4.368E-02  3.895E+00  1.169E-04 -1.252E+00
   1   85   73     1    53    1.9000E-02 -2.3940E-05   1.9024E-02  0.000E+00  0.000E+00  0.000E+00  1.24663E+02  4.419E-02  3.830E+00  3.830E-05 -1.250E+00
   1   86   73     1    54    1.9024E-02 -7.0057E-05   1.9094E-02  0.000E+00  0.000E+00  0.000E+00  1.24661E+02  4.471E-02  3.765E+00  1.130E-04 -1.240E+00
   1   87   73     1    55    1.9094E-02 -6.7928E-05   1.9162E-02  0.000E+00  0.000E+00  0.000E+00  1.24657E+02  4.552E-02  3.667E+00  1.100E-04 -1.235E+00
   1   87   74     1    56    1.9162E-02 -2.2207E-05   1.9184E-02  0.000E+00  0.000E+00  0.000E+00  1.24655E+02  4.608E-02  3.602E+00  3.602E-05 -1.233E+00
   1   88   74     1    57    1.9184E-02 -6.4967E-05   1.9249E-02  0.000E+00  0.000E+00  0.000E+00  1.24652E+02  4.665E-02  3.537E+00  1.061E-04 -1.224E+00
   1   89   74     1    58    1.9249E-02 -4.2094E-05   1.9291E-02  0.000E+00  0.000E+00  0.000E+00  1.24648E+02  4.738E-02  3.456E+00  6.911E-05 -1.218E+00
   1   89   75     1    59    1.9291E-02 -2.0713E-05   1.9312E-02  0.000E+00  0.000E+00  0.000E+00  1.24646E+02  4.783E-02  3.407E+00  3.407E-05 -1.216E+00
   1   90   75     1    60    1.9312E-02 -8.0343E-05   1.9392E-02  0.000E+00  0.000E+00  0.000E+00  1.24642E+02  4.861E-02  3.325E+00  1.330E-04 -1.208E+00
   1   91   75     1    61    1.9392E-02 -1.9478E-05   1.9412E-02  0.000E+00  0.000E+00  0.000E+00  1.24639E+02  4.941E-02  3.244E+00  3.244E-05 -1.201E+00
   1   91   76     1    62    1.9412E-02 -3.8287E-05   1.9450E-02  0.000E+00  0.000E+00  0.000E+00  1.24637E+02  4.991E-02  3.195E+00  6.390E-05 -1.198E+00
   1   92   76     1    63    1.9450E-02 -1.8681E-05   1.9469E-02  0.000E+00  0.000E+00  0.000E+00  1.24636E+02  5.042E-02  3.146E+00  3.146E-05 -1.188E+00
   1   93   76     2     1    1.9469E-02 -1.3228E-05   1.9482E-02  0.000E+00  0.000E+00  0.000E+00  1.24745E+02  1.608E-01  2.715E+00  2.774E-05 -9.539E-01
   1   93   77     2     2    1.9482E-02 -2.6253E-05   1.9508E-02  0.000E+00  0.000E+00  0.000E+00  1.24745E+02  1.608E-01  2.716E+00  5.548E-05 -9.464E-01
   1   94   77     2     3    1.9508E-02 -5.1719E-05   1.9560E-02  0.000E+00  0.000E+00  0.000E+00  1.24745E+02  1.610E-01  2.716E+00  1.110E-04 -9.320E-01
   1   95   77     2     4    1.9560E-02 -1.2743E-05   1.9573E-02  0.000E+00  0.000E+00  0.000E+00  1.24745E+02  1.611E-01  2.717E+00  2.775E-05 -9.184E-01
   1   95   78     2     5    1.9573E-02 -3.7916E-05   1.9611E-02  0.000E+00  0.000E+00  0.000E+00  1.24745E+02  1.612E-01  2.717E+00  8.327E-05 -9.107E-01
   1   96   78     2     6    1.9611E-02 -3.7340E-05   1.9648E-02  0.000E+00  0.000E+00  0.000E+00  1.24745E+02  1.614E-01  2.718E+00  8.329E-05 -8.967E-01
   1   96   79     2     7    1.9648E-02 -1.2353E-05   1.9660E-02  0.000E+00  0.000E+00  0.000E+00  1.24745E+02  1.615E-01  2.718E+00  2.777E-05 -8.898E-01
   1   97   79     2     8    1.9660E-02 -3.6459E-05   1.9697E-02  0.000E+00  0.000E+00  0.000E+00  1.24745E+02  1.616E-01  2.719E+00  8.331E-05 -8.752E-01
   1   98   79     2     9    1.9697E-02 -2.3923E-05   1.9721E-02  0.000E+00  0.000E+00  0.000E+00  1.24745E+02  1.617E-01  2.719E+00  5.555E-05 -8.613E-01
   1   98   80     2    10    1.9721E-02 -2.3724E-05   1.9744E-02  0.000E+00  0.000E+00  0.000E+00  1.24745E+02  1.618E-01  2.719E+00  5.556E-05 -8.540E-01
   1   99   80     2    11    1.9744E-02 -3.4992E-05   1.9779E-02  0.000E+00  0.000E+00  0.000E+00  1.24745E+02  1.620E-01  2.720E+00  8.336E-05 -8.396E-01
   1  100   80     2    12    1.9779E-02 -1.1473E-05   1.9791E-02  0.000E+00  0.000E+00  0.000E+00  1.24744E+02  1.621E-01  2.720E+00  2.779E-05 -8.257E-01
   1  100   81     2    13    1.9791E-02 -2.2739E-05   1.9814E-02  0.000E+00  0.000E+00  0.000E+00  1.24744E+02  1.621E-01  2.720E+00  5.559E-05 -8.182E-01
   1  101   81     2    14    1.9814E-02 -4.4674E-05   1.9858E-02  0.000E+00  0.000E+00  0.000E+00  1.24744E+02  1.623E-01  2.721E+00  1.112E-04 -8.035E-01
   1  102   81     2    15    1.9858E-02 -1.0977E-05   1.9869E-02  0.000E+00  0.000E+00  0.000E+00  1.24744E+02  1.624E-01  2.721E+00  2.780E-05 -7.896E-01
   1  102   82     2    16    1.9869E-02 -3.2611E-05   1.9902E-02  0.000E+00  0.000E+00  0.000E+00  1.24744E+02  1.625E-01  2.722E+00  8.342E-05 -7.818E-01
   1  103   82     2    17    1.9902E-02 -4.2691E-05   1.9945E-02  0.000E+00  0.000E+00  0.000E+00  1.24744E+02  1.626E-01  2.722E+00  1.113E-04 -7.674E-01
   1  103   83     2    18    1.9945E-02 -1.0578E-05   1.9955E-02  0.000E+00  0.000E+00  0.000E+00  1.24744E+02  1.627E-01  2.723E+00  2.782E-05 -7.605E-01
   1  104   83     2    19    1.9955E-02 -3.1127E-05   1.9986E-02  0.000E+00  0.000E+00  0.000E+00  1.24744E+02  1.628E-01  2.723E+00  8.347E-05 -7.458E-01
   1  105   83     2    20    1.9986E-02 -3.0542E-05   2.0017E-02  0.000E+00  0.000E+00  0.000E+00  1.24744E+02  1.629E-01  2.724E+00  8.348E-05 -7.317E-01
   1  105   84     2    21    2.0017E-02 -1.0084E-05   2.0027E-02  0.000E+00  0.000E+00  0.000E+00  1.24743E+02  1.630E-01  2.724E+00  2.783E-05 -7.246E-01
   1  106   84     2    22    2.0027E-02 -2.9645E-05   2.0057E-02  0.000E+00  0.000E+00  0.000E+00  1.24743E+02  1.631E-01  2.724E+00  8.350E-05 -7.100E-01
   1  107   84     2    23    2.0057E-02 -1.9373E-05   2.0076E-02  0.000E+00  0.000E+00  0.000E+00  1.24743E+02  1.632E-01  2.725E+00  5.568E-05 -6.959E-01
   1  107   85     2    24    2.0076E-02 -9.5866E-06   2.0086E-02  0.000E+00  0.000E+00  0.000E+00  1.24743E+02  1.633E-01  2.725E+00  2.784E-05 -6.886E-01
   1  108   85     2    25    2.0086E-02 -3.7532E-05   2.0123E-02  0.000E+00  0.000E+00  0.000E+00  1.24743E+02  1.634E-01  2.725E+00  1.114E-04 -6.739E-01
   1  109   85     2    26    2.0123E-02 -9.1889E-06   2.0132E-02  0.000E+00  0.000E+00  0.000E+00  1.24743E+02  1.635E-01  2.725E+00  2.785E-05 -6.599E-01
   1  109   86     2    27    2.0132E-02 -1.8170E-05   2.0150E-02  0.000E+00  0.000E+00  0.000E+00  1.24743E+02  1.635E-01  2.726E+00  5.570E-05 -6.524E-01
   1  110   86     2    28    2.0150E-02 -3.5532E-05   2.0186E-02  0.000E+00  0.000E+00  0.000E+00  1.24743E+02  1.636E-01  2.726E+00  1.114E-04 -6.378E-01
   1  111   86     2    29    2.0186E-02 -8.6881E-06   2.0195E-02  0.000E+00  0.000E+00  0.000E+00  1.24742E+02  1.637E-01  2.726E+00  2.786E-05 -6.237E-01
   1  111   87     2    30    2.0195E-02 -2.5745E-05   2.0220E-02  0.000E+00  0.000E+00  0.000E+00  1.24742E+02  1.638E-01  2.727E+00  8.359E-05 -6.160E-01
   1  112   87     2    31    2.0220E-02 -2.5153E-05   2.0246E-02  0.000E+00  0.000E+00  0.000E+00  1.24742E+02  1.639E-01  2.727E+00  8.361E-05 -6.017E-01
   1  112   88     2    32    2.0246E-02 -8.2856E-06   2.0254E-02  0.000E+00  0.000E+00  0.000E+00  1.24742E+02  1.640E-01  2.727E+00  2.787E-05 -5.946E-01
   1  113   88     2    33    2.0254E-02 -2.4245E-05   2.0278E-02  0.000E+00  0.000E+00  0.000E+00  1.24742E+02  1.640E-01  2.728E+00  8.362E-05 -5.799E-01
   1  114   88     2    34    2.0278E-02 -1.5770E-05   2.0294E-02  0.000E+00  0.000E+00  0.000E+00  1.24742E+02  1.641E-01  2.728E+00  5.576E-05 -5.657E-01
   1  114   89     2    35    2.0294E-02 -1.5564E-05   2.0309E-02  0.000E+00  0.000E+00  0.000E+00  1.24742E+02  1.642E-01  2.728E+00  5.576E-05 -5.583E-01
   1  115   89     2    36    2.0309E-02 -2.2740E-05   2.0332E-02  0.000E+00  0.000E+00  0.000E+00  1.24742E+02  1.643E-01  2.728E+00  8.365E-05 -5.437E-01
   1  116   89     2    37    2.0332E-02 -1.4765E-05   2.0347E-02  0.000E+00  0.000E+00  0.000E+00  1.24741E+02  1.643E-01  2.729E+00  5.577E-05 -5.295E-01
   1  116   90     2    38    2.0347E-02 -7.2806E-06   2.0354E-02  0.000E+00  0.000E+00  0.000E+00  1.24741E+02  1.644E-01  2.729E+00  2.789E-05 -5.221E-01
   1  117   90     2    39    2.0354E-02 -2.8308E-05   2.0382E-02  0.000E+00  0.000E+00  0.000E+00  1.24741E+02  1.645E-01  2.729E+00  1.116E-04 -5.075E-01
   1  118   90     2    40    2.0382E-02 -6.8796E-06   2.0389E-02  0.000E+00  0.000E+00  0.000E+00  1.24741E+02  1.645E-01  2.729E+00  2.789E-05 -4.933E-01
   1  118   91     2    41    2.0389E-02 -1.3550E-05   2.0403E-02  0.000E+00  0.000E+00  0.000E+00  1.24741E+02  1.646E-01  2.730E+00  5.579E-05 -4.857E-01
   1  119   91     2    42    2.0403E-02 -2.6292E-05   2.0429E-02  0.000E+00  0.000E+00  0.000E+00  1.24741E+02  1.646E-01  2.730E+00  1.116E-04 -4.712E-01
   1  120   91     2    43    2.0429E-02 -6.3745E-06   2.0436E-02  0.000E+00  0.000E+00  0.000E+00  1.24741E+02  1.647E-01  2.730E+00  2.790E-05 -4.569E-01
   1  120   92     2    44    2.0436E-02 -1.8805E-05   2.0454E-02  0.000E+00  0.000E+00  0.000E+00  1.24740E+02  1.648E-01  2.730E+00  8.372E-05 -4.493E-01
   1  121   92     2    45    2.0454E-02 -1.8208E-05   2.0473E-02  0.000E+00  0.000E+00  0.000E+00  1.24740E+02  1.648E-01  2.731E+00  8.373E-05 -4.350E-01
   1  121   93     2    46    2.0473E-02 -5.9689E-06   2.0479E-02  0.000E+00  0.000E+00  0.000E+00  1.24740E+02  1.649E-01  2.731E+00  2.791E-05 -4.277E-01
   1  122   93     2    47    2.0479E-02 -1.7295E-05   2.0496E-02  0.000E+00  0.000E+00  0.000E+00  1.24740E+02  1.649E-01  2.731E+00  8.374E-05 -4.131E-01
   1  123   93     2    48    2.0496E-02 -1.1133E-05   2.0507E-02  0.000E+00  0.000E+00  0.000E+00  1.24740E+02  1.650E-01  2.731E+00  5.583E-05 -3.988E-01
   1  123   94     2    49    2.0507E-02 -5.4642E-06   2.0512E-02  0.000E+00  0.000E+00  0.000E+00  1.24740E+02  1.650E-01  2.731E+00  2.792E-05 -3.915E-01
   1  124   94     2    50    2.0512E-02 -2.1041E-05   2.0534E-02  0.000E+00  0.000E+00  0.000E+00  1.24739E+02  1.651E-01  2.732E+00  1.117E-04 -3.768E-01
   1  125   94     2    51    2.0534E-02 -5.0624E-06   2.0539E-02  0.000E+00  0.000E+00  0.000E+00  1.24739E+02  1.651E-01  2.732E+00  2.792E-05 -3.626E-01
   1  125   95     2    52    2.0539E-02 -4.9579E-06   2.0544E-02  0.000E+00  0.000E+00  0.000E+00  1.24739E+02  1.652E-01  2.732E+00  2.792E-05 -3.551E-01
   1  126   95     3     1    2.0544E-02 -1.5133E-05   2.0559E-02  0.000E+00  0.000E+00  0.000E+00  1.24730E+02  1.569E-01  2.067E+00  8.455E-05 -3.580E-01
   1  127   95     3     2    2.0559E-02 -3.6379E-06   2.0562E-02  0.000E+00  0.000E+00  0.000E+00  1.24730E+02  1.569E-01  2.067E+00  2.114E-05 -3.442E-01
   1  127   96     3     3    2.0562E-02 -7.1268E-06   2.0569E-02  0.000E+00  0.000E+00  0.000E+00  1.24730E+02  1.569E-01  2.067E+00  4.228E-05 -3.371E-01
   1  128   96     3     4    2.0569E-02 -1.3674E-05   2.0583E-02  0.000E+00  0.000E+00  0.000E+00  1.24729E+02  1.570E-01  2.068E+00  8.456E-05 -3.234E-01
   1  129   96     3     5    2.0583E-02 -3.2714E-06   2.0586E-02  0.000E+00  0.000E+00  0.000E+00  1.24729E+02  1.570E-01  2.068E+00  2.114E-05 -3.095E-01
   1  129   97     3     6    2.0586E-02 -9.5889E-06   2.0596E-02  0.000E+00  0.000E+00  0.000E+00  1.24728E+02  1.570E-01  2.068E+00  6.343E-05 -3.024E-01
   1  130   97     3     7    2.0596E-02 -9.1597E-06   2.0605E-02  0.000E+00  0.000E+00  0.000E+00  1.24728E+02  1.571E-01  2.068E+00  6.343E-05 -2.888E-01
   1  130   98     3     8    2.0605E-02 -2.9801E-06   2.0608E-02  0.000E+00  0.000E+00  0.000E+00  1.24727E+02  1.571E-01  2.068E+00  2.114E-05 -2.819E-01
   1  131   98     3     9    2.0608E-02 -8.4902E-06   2.0617E-02  0.000E+00  0.000E+00  0.000E+00  1.24727E+02  1.571E-01  2.068E+00  6.344E-05 -2.677E-01
   1  132   98     3    10    2.0617E-02 -8.0591E-06   2.0625E-02  0.000E+00  0.000E+00  0.000E+00  1.24726E+02  1.571E-01  2.068E+00  6.344E-05 -2.541E-01
   1  132   99     3    11    2.0625E-02 -2.6130E-06   2.0627E-02  0.000E+00  0.000E+00  0.000E+00  1.24726E+02  1.572E-01  2.068E+00  2.115E-05 -2.471E-01
   1  133   99     3    12    2.0627E-02 -9.8561E-06   2.0637E-02  0.000E+00  0.000E+00  0.000E+00  1.24725E+02  1.572E-01  2.068E+00  8.459E-05 -2.330E-01
   1  134   99     3    13    2.0637E-02 -4.6389E-06   2.0642E-02  0.000E+00  0.000E+00  0.000E+00  1.24725E+02  1.572E-01  2.068E+00  4.230E-05 -2.193E-01
   1  134  100     3    14    2.0642E-02 -2.2458E-06   2.0644E-02  0.000E+00  0.000E+00  0.000E+00  1.24724E+02  1.572E-01  2.068E+00  2.115E-05 -2.124E-01
   1  135  100     3    15    2.0644E-02 -8.3933E-06   2.0652E-02  0.000E+00  0.000E+00  0.000E+00  1.24724E+02  1.572E-01  2.068E+00  8.460E-05 -1.984E-01
   1  136  100     3    16    2.0652E-02 -1.9523E-06   2.0654E-02  0.000E+00  0.000E+00  0.000E+00  1.24723E+02  1.573E-01  2.068E+00  2.115E-05 -1.846E-01
   1  136  101     3    17    2.0654E-02 -3.7561E-06   2.0658E-02  0.000E+00  0.000E+00  0.000E+00  1.24723E+02  1.573E-01  2.068E+00  4.230E-05 -1.776E-01
   1  137  101     3    18    2.0658E-02 -5.1972E-06   2.0663E-02  0.000E+00  0.000E+00  0.000E+00  1.24723E+02  1.573E-01  2.068E+00  6.345E-05 -1.638E-01
   1  138  101     3    19    2.0663E-02 -1.5845E-06   2.0665E-02  0.000E+00  0.000E+00  0.000E+00  1.24722E+02  1.573E-01  2.068E+00  2.115E-05 -1.498E-01
   1  138  102     3    20    2.0665E-02 -4.5295E-06   2.0669E-02  0.000E+00  0.000E+00  0.000E+00  1.24722E+02  1.573E-01  2.068E+00  6.346E-05 -1.428E-01
   1  139  102     3    21    2.0669E-02 -4.0970E-06   2.0674E-02  0.000E+00  0.000E+00  0.000E+00  1.24721E+02  1.573E-01  2.069E+00  6.346E-05 -1.291E-01
   1  140  102     3    22    2.0674E-02 -1.2161E-06   2.0675E-02  0.000E+00  0.000E+00  0.000E+00  1.24721E+02  1.573E-01  2.069E+00  2.115E-05 -1.150E-01
   1  140  103     3    23    2.0675E-02 -4.5649E-06   2.0679E-02  0.000E+00  0.000E+00  0.000E+00  1.24720E+02  1.574E-01  2.069E+00  8.461E-05 -1.079E-01
   1  141  103     3    24    2.0679E-02 -2.9924E-06   2.0682E-02  0.000E+00  0.000E+00  0.000E+00  1.24720E+02  1.574E-01  2.069E+00  6.346E-05 -9.430E-02
   1  141  104     3    25    2.0682E-02 -9.2358E-07   2.0683E-02  0.000E+00  0.000E+00  0.000E+00  1.24719E+02  1.574E-01  2.069E+00  2.115E-05 -8.732E-02
   1  142  104     3    26    2.0683E-02 -3.0956E-06   2.0686E-02  0.000E+00  0.000E+00  0.000E+00  1.24719E+02  1.574E-01  2.069E+00  8.462E-05 -7.317E-02
   1  143  104     3    27    2.0686E-02 -1.2581E-06   2.0688E-02  0.000E+00  0.000E+00  0.000E+00  1.24718E+02  1.574E-01  2.069E+00  4.231E-05 -5.947E-02
   1  143  105     3    28    2.0688E-02 -5.5490E-07   2.0688E-02  0.000E+00  0.000E+00  0.000E+00  1.24718E+02  1.574E-01  2.069E+00  2.116E-05 -5.246E-02
   1  144  105     3    29    2.0688E-02 -1.2204E-06   2.0689E-02  0.000E+00  0.000E+00  0.000E+00  1.24717E+02  1.574E-01  2.069E+00  6.347E-05 -3.846E-02
   1  145  105     3    30    2.0689E-02 -5.2045E-07   2.0690E-02  0.000E+00  0.000E+00  0.000E+00  1.24717E+02  1.574E-01  2.069E+00  4.231E-05 -2.460E-02
   1  145  106     3    31    2.0690E-02 -3.7161E-07   2.0690E-02  0.000E+00  0.000E+00  0.000E+00  1.24717E+02  1.574E-01  2.069E+00  4.231E-05 -1.757E-02
   1  146  106     3    32    2.0690E-02 -1.1748E-07   2.0690E-02  0.000E+00  0.000E+00  0.000E+00  1.24716E+02  1.574E-01  2.069E+00  6.347E-05 -3.702E-03
   1  147  106     3    33    2.0690E-02  1.0903E-07   2.0690E-02  0.000E+00  0.000E+00  0.000E+00  1.24715E+02  1.574E-01  2.069E+00  2.116E-05  1.031E-02
   1  147  107     3    34    2.0690E-02  5.5051E-07   2.0690E-02  0.000E+00  0.000E+00  0.000E+00  1.24715E+02  1.574E-01  2.069E+00  6.347E-05  1.735E-02
   1  148  107     3    35    2.0690E-02  9.8624E-07   2.0689E-02  0.000E+00  0.000E+00  0.000E+00  1.24714E+02  1.574E-01  2.069E+00  6.347E-05  3.108E-02
   1  149  107     3    36    2.0689E-02  4.7861E-07   2.0688E-02  0.000E+00  0.000E+00  0.000E+00  1.24714E+02  1.574E-01  2.069E+00  2.116E-05  4.525E-02
   1  149  108     3    37    2.0688E-02  1.6592E-06   2.0687E-02  0.000E+00  0.000E+00  0.000E+00  1.24714E+02  1.574E-01  2.069E+00  6.347E-05  5.229E-02
   1  150  108     3    38    2.0687E-02  2.0919E-06   2.0684E-02  0.000E+00  0.000E+00  0.000E+00  1.24713E+02  1.574E-01  2.069E+00  6.346E-05  6.592E-02
   1  150  109     3    39    2.0684E-02  7.7242E-07   2.0684E-02  0.000E+00  0.000E+00  0.000E+00  1.24713E+02  1.574E-01  2.069E+00  2.115E-05  7.303E-02
   1  151  109     3    40    2.0684E-02  2.7683E-06   2.0681E-02  0.000E+00  0.000E+00  0.000E+00  1.24712E+02  1.574E-01  2.069E+00  6.346E-05  8.724E-02
   1  152  109     3    41    2.0681E-02  3.2023E-06   2.0678E-02  0.000E+00  0.000E+00  0.000E+00  1.24712E+02  1.574E-01  2.069E+00  6.346E-05  1.009E-01
   1  152  110     3    42    2.0678E-02  1.1428E-06   2.0677E-02  0.000E+00  0.000E+00  0.000E+00  1.24711E+02  1.574E-01  2.069E+00  2.115E-05  1.080E-01
   1  153  110     3    43    2.0677E-02  3.8756E-06   2.0673E-02  0.000E+00  0.000E+00  0.000E+00  1.24711E+02  1.573E-01  2.069E+00  6.346E-05  1.221E-01
   1  154  110     3    44    2.0673E-02  2.8769E-06   2.0670E-02  0.000E+00  0.000E+00  0.000E+00  1.24710E+02  1.573E-01  2.069E+00  4.231E-05  1.360E-01
   1  154  111     3    45    2.0670E-02  3.0278E-06   2.0667E-02  0.000E+00  0.000E+00  0.000E+00  1.24710E+02  1.573E-01  2.069E+00  4.231E-05  1.431E-01
   1  155  111     3    46    2.0667E-02  1.6679E-06   2.0665E-02  0.000E+00  0.000E+00  0.000E+00  1.24709E+02  1.573E-01  2.068E+00  2.115E-05  1.577E-01
   1  156  111     4     1    2.0665E-02  5.4882E-07   2.0665E-02  0.000E+00  0.000E+00  0.000E+00  1.24633E+02  9.075E-02  1.912E+00  5.779E-05  1.899E-02
   1  157  111     4     2    2.0665E-02  4.5807E-07   2.0664E-02  0.000E+00  0.000E+00  0.000E+00  1.24623E+02  9.075E-02  1.912E+00  5.779E-05  1.585E-02
   1  158  111     4     3    2.0664E-02  3.6705E-07   2.0664E-02  0.000E+00  0.000E+00  0.000E+00  1.24614E+02  9.075E-02  1.912E+00  5.779E-05  1.270E-02
   1  159  111     4     4    2.0664E-02  2.7637E-07   2.0663E-02  0.000E+00  0.000E+00  0.000E+00  1.24605E+02  9.075E-02  1.912E+00  5.779E-05  9.564E-03
   1  160  111     4     5    2.0663E-02  1.8535E-07   2.0663E-02  0.000E+00  0.000E+00  0.000E+00  1.24596E+02  9.075E-02  1.912E+00  5.779E-05  6.414E-03
   1  161  111     4     6    2.0663E-02  9.4400E-08   2.0663E-02  0.000E+00  0.000E+00  0.000E+00  1.24587E+02  9.075E-02  1.912E+00  5.779E-05  3.267E-03
   1  162  111     4     7    2.0663E-02  3.8942E-09   2.0663E-02  0.000E+00  0.000E+00  0.000E+00  1.24578E+02  9.075E-02  1.912E+00  5.779E-05  1.348E-04
   1  163  111     4     8    2.0663E-02 -8.7099E-08   2.0663E-02  0.000E+00  0.000E+00  0.000E+00  1.24569E+02  9.075E-02  1.912E+00  5.779E-05 -3.014E-03
   1  164  111     4     9    2.0663E-02 -1.7828E-07   2.0663E-02  0.000E+00  0.000E+00  0.000E+00  1.24560E+02  9.075E-02  1.912E+00  5.779E-05 -6.170E-03
   1  165  111     4    10    2.0663E-02 -5.0249E-09   2.0663E-02  0.000E+00  0.000E+00  0.000E+00  1.24555E+02  9.075E-02  1.912E+00  1.926E-05 -5.217E-04
   1  166  111     5     1    2.0663E-02  2.1304E-06   2.0661E-02  0.000E+00  0.000E+00  0.000E+00  1.24610E+02  1.483E-01  1.673E+00  3.429E-05  1.243E-01
   1  166  112     5     2    2.0661E-02  1.1155E-06   2.0660E-02  0.000E+00  0.000E+00  0.000E+00  1.24609E+02  1.483E-01  1.673E+00  1.714E-05  1.301E-01
   1  167  112     5     3    2.0660E-02  3.6595E-06   2.0657E-02  0.000E+00  0.000E+00  0.000E+00  1.24607E+02  1.483E-01  1.673E+00  5.143E-05  1.423E-01
   1  168  112     5     4    2.0657E-02  3.9639E-06   2.0653E-02  0.000E+00  0.000E+00  0.000E+00  1.24606E+02  1.483E-01  1.673E+00  5.143E-05  1.542E-01
   1  168  113     5     5    2.0653E-02  1.3719E-06   2.0651E-02  0.000E+00  0.000E+00  0.000E+00  1.24605E+02  1.483E-01  1.673E+00  1.714E-05  1.601E-01
   1  169  113     5     6    2.0651E-02  4.4326E-06   2.0647E-02  0.000E+00  0.000E+00  0.000E+00  1.24603E+02  1.483E-01  1.673E+00  5.142E-05  1.724E-01
   1  170  113     5     7    2.0647E-02  4.7341E-06   2.0642E-02  0.000E+00  0.000E+00  0.000E+00  1.24602E+02  1.482E-01  1.673E+00  5.142E-05  1.841E-01
   1  170  114     5     8    2.0642E-02  1.6287E-06   2.0640E-02  0.000E+00  0.000E+00  0.000E+00  1.24601E+02  1.482E-01  1.673E+00  1.714E-05  1.900E-01
   1  171  114     5     9    2.0640E-02  6.9426E-06   2.0633E-02  0.000E+00  0.000E+00  0.000E+00  1.24599E+02  1.482E-01  1.673E+00  6.856E-05  2.025E-01
   1  172  114     5    10    2.0633E-02  3.6708E-06   2.0630E-02  0.000E+00  0.000E+00  0.000E+00  1.24598E+02  1.482E-01  1.673E+00  3.428E-05  2.142E-01
   1  172  115     5    11    2.0630E-02  1.8863E-06   2.0628E-02  0.000E+00  0.000E+00  0.000E+00  1.24597E+02  1.482E-01  1.673E+00  1.714E-05  2.201E-01
   1  173  115     5    12    2.0628E-02  5.9839E-06   2.0622E-02  0.000E+00  0.000E+00  0.000E+00  1.24595E+02  1.482E-01  1.673E+00  5.141E-05  2.328E-01
   1  174  115     5    13    2.0622E-02  6.2788E-06   2.0616E-02  0.000E+00  0.000E+00  0.000E+00  1.24594E+02  1.482E-01  1.673E+00  5.141E-05  2.443E-01
   1  174  116     5    14    2.0616E-02  2.1439E-06   2.0614E-02  0.000E+00  0.000E+00  0.000E+00  1.24593E+02  1.481E-01  1.673E+00  1.714E-05  2.502E-01
   1  175  116     5    15    2.0614E-02  6.7610E-06   2.0607E-02  0.000E+00  0.000E+00  0.000E+00  1.24591E+02  1.481E-01  1.673E+00  5.141E-05  2.630E-01
   1  176  116     5    16    2.0607E-02  7.0524E-06   2.0600E-02  0.000E+00  0.000E+00  0.000E+00  1.24590E+02  1.481E-01  1.672E+00  5.140E-05  2.744E-01
   1  176  117     5    17    2.0600E-02  2.4021E-06   2.0597E-02  0.000E+00  0.000E+00  0.000E+00  1.24589E+02  1.481E-01  1.672E+00  1.713E-05  2.804E-01
   1  177  117     5    18    2.0597E-02  1.0051E-05   2.0587E-02  0.000E+00  0.000E+00  0.000E+00  1.24587E+02  1.481E-01  1.672E+00  6.853E-05  2.933E-01
   1  178  117     5    19    2.0587E-02  7.8272E-06   2.0579E-02  0.000E+00  0.000E+00  0.000E+00  1.24585E+02  1.480E-01  1.672E+00  5.140E-05  3.046E-01
   1  179  117     5    20    2.0579E-02  2.7231E-06   2.0577E-02  0.000E+00  0.000E+00  0.000E+00  1.24584E+02  1.480E-01  1.672E+00  1.713E-05  3.179E-01
   1  179  118     5    21    2.0577E-02  8.3190E-06   2.0568E-02  0.000E+00  0.000E+00  0.000E+00  1.24583E+02  1.480E-01  1.672E+00  5.139E-05  3.238E-01
   1  180  118     5    22    2.0568E-02  1.1475E-05   2.0557E-02  0.000E+00  0.000E+00  0.000E+00  1.24581E+02  1.480E-01  1.672E+00  6.852E-05  3.350E-01
   1  181  118     5    23    2.0557E-02  2.9820E-06   2.0554E-02  0.000E+00  0.000E+00  0.000E+00  1.24580E+02  1.480E-01  1.672E+00  1.713E-05  3.482E-01
   1  181  119     5    24    2.0554E-02  9.0964E-06   2.0545E-02  0.000E+00  0.000E+00  0.000E+00  1.24579E+02  1.479E-01  1.672E+00  5.138E-05  3.541E-01
   1  182  119     5    25    2.0545E-02  9.3888E-06   2.0535E-02  0.000E+00  0.000E+00  0.000E+00  1.24577E+02  1.479E-01  1.672E+00  5.138E-05  3.655E-01
   1  183  119     5    26    2.0535E-02  3.2414E-06   2.0532E-02  0.000E+00  0.000E+00  0.000E+00  1.24576E+02  1.479E-01  1.672E+00  1.712E-05  3.786E-01
   1  183  120     5    27    2.0532E-02  9.8743E-06   2.0522E-02  0.000E+00  0.000E+00  0.000E+00  1.24575E+02  1.479E-01  1.671E+00  5.137E-05  3.844E-01
   1  184  120     5    28    2.0522E-02  1.0170E-05   2.0512E-02  0.000E+00  0.000E+00  0.000E+00  1.24573E+02  1.478E-01  1.671E+00  5.137E-05  3.960E-01
   1  185  120     5    29    2.0512E-02  3.5006E-06   2.0509E-02  0.000E+00  0.000E+00  0.000E+00  1.24572E+02  1.478E-01  1.671E+00  1.712E-05  4.089E-01
   1  185  121     5    30    2.0509E-02  7.1023E-06   2.0502E-02  0.000E+00  0.000E+00  0.000E+00  1.24571E+02  1.478E-01  1.671E+00  3.424E-05  4.148E-01
   1  186  121     5    31    2.0502E-02  1.4601E-05   2.0487E-02  0.000E+00  0.000E+00  0.000E+00  1.24569E+02  1.478E-01  1.671E+00  6.848E-05  4.264E-01
   1  187  121     5    32    2.0487E-02  3.7596E-06   2.0483E-02  0.000E+00  0.000E+00  0.000E+00  1.24568E+02  1.477E-01  1.671E+00  1.712E-05  4.393E-01
   1  187  122     5    33    2.0483E-02  7.6208E-06   2.0476E-02  0.000E+00  0.000E+00  0.000E+00  1.24567E+02  1.477E-01  1.671E+00  3.423E-05  4.452E-01
   1  188  122     5    34    2.0476E-02  1.1733E-05   2.0464E-02  0.000E+00  0.000E+00  0.000E+00  1.24565E+02  1.477E-01  1.671E+00  5.135E-05  4.570E-01
   1  189  122     5    35    2.0464E-02  8.0369E-06   2.0456E-02  0.000E+00  0.000E+00  0.000E+00  1.24564E+02  1.476E-01  1.671E+00  3.423E-05  4.696E-01
   1  189  123     5    36    2.0456E-02  8.1390E-06   2.0448E-02  0.000E+00  0.000E+00  0.000E+00  1.24563E+02  1.476E-01  1.670E+00  3.423E-05  4.756E-01
   1  190  123     5    37    2.0448E-02  1.2514E-05   2.0435E-02  0.000E+00  0.000E+00  0.000E+00  1.24561E+02  1.476E-01  1.670E+00  5.133E-05  4.876E-01
   1  191  123     5    38    2.0435E-02  8.5552E-06   2.0427E-02  0.000E+00  0.000E+00  0.000E+00  1.24560E+02  1.475E-01  1.670E+00  3.422E-05  5.000E-01
   1  191  124     5    39    2.0427E-02  4.3293E-06   2.0422E-02  0.000E+00  0.000E+00  0.000E+00  1.24559E+02  1.475E-01  1.670E+00  1.711E-05  5.061E-01
   1  192  124     5    40    2.0422E-02  1.7726E-05   2.0405E-02  0.000E+00  0.000E+00  0.000E+00  1.24557E+02  1.475E-01  1.670E+00  6.843E-05  5.181E-01
   1  193  124     5    41    2.0405E-02  4.5374E-06   2.0400E-02  0.000E+00  0.000E+00  0.000E+00  1.24556E+02  1.475E-01  1.670E+00  1.711E-05  5.305E-01
   1  193  125     5    42    2.0400E-02  9.1767E-06   2.0391E-02  0.000E+00  0.000E+00  0.000E+00  1.24555E+02  1.474E-01  1.670E+00  3.421E-05  5.365E-01
   1  194  125     5    43    2.0391E-02  1.4077E-05   2.0377E-02  0.000E+00  0.000E+00  0.000E+00  1.24553E+02  1.474E-01  1.670E+00  5.131E-05  5.487E-01
   1  195  125     5    44    2.0377E-02  9.5924E-06   2.0367E-02  0.000E+00  0.000E+00  0.000E+00  1.24552E+02  1.474E-01  1.669E+00  3.420E-05  5.609E-01
   1  195  126     5    45    2.0367E-02  9.6947E-06   2.0357E-02  0.000E+00  0.000E+00  0.000E+00  1.24551E+02  1.473E-01  1.669E+00  3.420E-05  5.669E-01
   1  196  126     5    46    2.0357E-02  1.4858E-05   2.0343E-02  0.000E+00  0.000E+00  0.000E+00  1.24549E+02  1.473E-01  1.669E+00  5.129E-05  5.793E-01
   1  197  126     5    47    2.0343E-02  1.0111E-05   2.0333E-02  0.000E+00  0.000E+00  0.000E+00  1.24547E+02  1.472E-01  1.669E+00  3.419E-05  5.914E-01
   1  197  127     5    48    2.0333E-02  5.1076E-06   2.0327E-02  0.000E+00  0.000E+00  0.000E+00  1.24546E+02  1.472E-01  1.669E+00  1.710E-05  5.976E-01
   1  198  127     5    49    2.0327E-02  2.0852E-05   2.0307E-02  0.000E+00  0.000E+00  0.000E+00  1.24545E+02  1.472E-01  1.669E+00  6.837E-05  6.100E-01
   1  199  127     5    50    2.0307E-02  1.0630E-05   2.0296E-02  0.000E+00  0.000E+00  0.000E+00  1.24543E+02  1.471E-01  1.669E+00  3.418E-05  6.219E-01
   1  199  128     5    51    2.0296E-02  5.3672E-06   2.0291E-02  0.000E+00  0.000E+00  0.000E+00  1.24542E+02  1.471E-01  1.668E+00  1.709E-05  6.281E-01
   1  200  128     5    52    2.0291E-02  1.6424E-05   2.0274E-02  0.000E+00  0.000E+00  0.000E+00  1.24541E+02  1.471E-01  1.668E+00  5.126E-05  6.407E-01
   1  201  128     5    53    2.0274E-02  1.6722E-05   2.0257E-02  0.000E+00  0.000E+00  0.000E+00  1.24539E+02  1.470E-01  1.668E+00  5.126E-05  6.525E-01
   1  201  129     5    54    2.0257E-02  5.6268E-06   2.0252E-02  0.000E+00  0.000E+00  0.000E+00  1.24538E+02  1.470E-01  1.668E+00  1.708E-05  6.587E-01
   1  202  129     5    55    2.0252E-02  1.7206E-05   2.0235E-02  0.000E+00  0.000E+00  0.000E+00  1.24537E+02  1.469E-01  1.668E+00  5.125E-05  6.715E-01
   1  203  129     5    56    2.0235E-02  1.7501E-05   2.0217E-02  0.000E+00  0.000E+00  0.000E+00  1.24535E+02  1.469E-01  1.668E+00  5.124E-05  6.831E-01
   1  203  130     5    57    2.0217E-02  5.8864E-06   2.0211E-02  0.000E+00  0.000E+00  0.000E+00  1.24534E+02  1.468E-01  1.667E+00  1.708E-05  6.893E-01
   1  204  130     5    58    2.0211E-02  2.3983E-05   2.0187E-02  0.000E+00  0.000E+00  0.000E+00  1.24533E+02  1.468E-01  1.667E+00  6.830E-05  7.023E-01
   1  205  130     5    59    2.0187E-02  6.1105E-06   2.0181E-02  0.000E+00  0.000E+00  0.000E+00  1.24532E+02  1.467E-01  1.667E+00  1.707E-05  7.158E-01
   1  205  131     6     1    2.0181E-02  6.5047E-06   2.0175E-02  0.000E+00  0.000E+00  0.000E+00  1.24522E+02  1.404E-01  1.820E+00  1.845E-05  7.050E-01
   1  206  131     6     2    2.0175E-02  1.9847E-05   2.0155E-02  0.000E+00  0.000E+00  0.000E+00  1.24521E+02  1.404E-01  1.819E+00  5.535E-05  7.172E-01
   1  207  131     6     3    2.0155E-02  2.6807E-05   2.0128E-02  0.000E+00  0.000E+00  0.000E+00  1.24518E+02  1.403E-01  1.819E+00  7.378E-05  7.267E-01
   1  208  131     6     4    2.0128E-02  6.8105E-06   2.0121E-02  0.000E+00  0.000E+00  0.000E+00  1.24516E+02  1.403E-01  1.819E+00  1.844E-05  7.386E-01
   1  208  132     6     5    2.0121E-02  1.3714E-05   2.0107E-02  0.000E+00  0.000E+00  0.000E+00  1.24514E+02  1.403E-01  1.819E+00  3.688E-05  7.437E-01
   1  209  132     6     6    2.0107E-02  2.0857E-05   2.0087E-02  0.000E+00  0.000E+00  0.000E+00  1.24512E+02  1.402E-01  1.818E+00  5.531E-05  7.541E-01
   1  210  132     6     7    2.0087E-02  1.4099E-05   2.0072E-02  0.000E+00  0.000E+00  0.000E+00  1.24510E+02  1.402E-01  1.818E+00  3.687E-05  7.648E-01
   1  210  133     6     8    2.0072E-02  7.0981E-06   2.0065E-02  0.000E+00  0.000E+00  0.000E+00  1.24508E+02  1.402E-01  1.818E+00  1.843E-05  7.702E-01
   1  211  133     6     9    2.0065E-02  2.8802E-05   2.0037E-02  0.000E+00  0.000E+00  0.000E+00  1.24506E+02  1.401E-01  1.817E+00  7.372E-05  7.814E-01
   1  212  133     6    10    2.0037E-02  2.1865E-05   2.0015E-02  0.000E+00  0.000E+00  0.000E+00  1.24503E+02  1.400E-01  1.817E+00  5.527E-05  7.912E-01
   1  213  133     6    11    2.0015E-02  7.4049E-06   2.0007E-02  0.000E+00  0.000E+00  0.000E+00  1.24502E+02  1.400E-01  1.817E+00  1.842E-05  8.039E-01
   1  213  134     6    12    2.0007E-02  2.2349E-05   1.9985E-02  0.000E+00  0.000E+00  0.000E+00  1.24500E+02  1.400E-01  1.816E+00  5.526E-05  8.089E-01
   1  214  134     6    13    1.9985E-02  2.2614E-05   1.9962E-02  0.000E+00  0.000E+00  0.000E+00  1.24497E+02  1.399E-01  1.816E+00  5.524E-05  8.187E-01
   1  215  134     6    14    1.9962E-02  1.5288E-05   1.9947E-02  0.000E+00  0.000E+00  0.000E+00  1.24495E+02  1.398E-01  1.816E+00  3.682E-05  8.304E-01
   1  215  135     6    15    1.9947E-02  1.5383E-05   1.9932E-02  0.000E+00  0.000E+00  0.000E+00  1.24494E+02  1.398E-01  1.815E+00  3.682E-05  8.356E-01
   1  216  135     6    16    1.9932E-02  2.3366E-05   1.9908E-02  0.000E+00  0.000E+00  0.000E+00  1.24491E+02  1.398E-01  1.815E+00  5.521E-05  8.464E-01
   1  217  135     6    17    1.9908E-02  1.5771E-05   1.9893E-02  0.000E+00  0.000E+00  0.000E+00  1.24489E+02  1.397E-01  1.815E+00  3.680E-05  8.571E-01
   1  217  136     6    18    1.9893E-02  7.9346E-06   1.9885E-02  0.000E+00  0.000E+00  0.000E+00  1.24487E+02  1.397E-01  1.814E+00  1.840E-05  8.625E-01
   1  218  136     6    19    1.9885E-02  2.4121E-05   1.9860E-02  0.000E+00  0.000E+00  0.000E+00  1.24486E+02  1.396E-01  1.814E+00  5.519E-05  8.741E-01
   1  219  136     6    20    1.9860E-02  3.2506E-05   1.9828E-02  0.000E+00  0.000E+00  0.000E+00  1.24483E+02  1.396E-01  1.814E+00  7.356E-05  8.838E-01
   1  220  136     6    21    1.9828E-02  8.2430E-06   1.9820E-02  0.000E+00  0.000E+00  0.000E+00  1.24481E+02  1.395E-01  1.813E+00  1.839E-05  8.966E-01
   1  220  137     6    22    1.9820E-02  2.4864E-05   1.9795E-02  0.000E+00  0.000E+00  0.000E+00  1.24479E+02  1.395E-01  1.813E+00  5.515E-05  9.017E-01
   1  221  137     6    23    1.9795E-02  2.5138E-05   1.9770E-02  0.000E+00  0.000E+00  0.000E+00  1.24477E+02  1.394E-01  1.813E+00  5.514E-05  9.118E-01
   1  222  137     6    24    1.9770E-02  1.6970E-05   1.9753E-02  0.000E+00  0.000E+00  0.000E+00  1.24475E+02  1.393E-01  1.812E+00  3.675E-05  9.236E-01
   1  222  138     6    25    1.9753E-02  8.5341E-06   1.9744E-02  0.000E+00  0.000E+00  0.000E+00  1.24473E+02  1.393E-01  1.812E+00  1.837E-05  9.290E-01
   1  223  138     6    26    1.9744E-02  3.4529E-05   1.9710E-02  0.000E+00  0.000E+00  0.000E+00  1.24471E+02  1.392E-01  1.812E+00  7.347E-05  9.399E-01
   1  224  138     6    27    1.9710E-02  1.7458E-05   1.9692E-02  0.000E+00  0.000E+00  0.000E+00  1.24468E+02  1.392E-01  1.811E+00  3.673E-05  9.507E-01
   1  224  139     6    28    1.9692E-02  8.7788E-06   1.9683E-02  0.000E+00  0.000E+00  0.000E+00  1.24467E+02  1.391E-01  1.811E+00  1.836E-05  9.563E-01
   1  225  139     6    29    1.9683E-02  2.6661E-05   1.9657E-02  0.000E+00  0.000E+00  0.000E+00  1.24465E+02  1.391E-01  1.811E+00  5.507E-05  9.682E-01
   1  226  139     6    30    1.9657E-02  3.5894E-05   1.9621E-02  0.000E+00  0.000E+00  0.000E+00  1.24462E+02  1.390E-01  1.810E+00  7.341E-05  9.779E-01
   1  227  139     6    31    1.9621E-02  9.0889E-06   1.9612E-02  0.000E+00  0.000E+00  0.000E+00  1.24460E+02  1.389E-01  1.810E+00  1.835E-05  9.908E-01
   1  227  140     6    32    1.9612E-02  2.7403E-05   1.9584E-02  0.000E+00  0.000E+00  0.000E+00  1.24459E+02  1.389E-01  1.809E+00  5.503E-05  9.959E-01
   1  228  140     6    33    1.9584E-02  2.7680E-05   1.9557E-02  0.000E+00  0.000E+00  0.000E+00  1.24456E+02  1.388E-01  1.809E+00  5.502E-05  1.006E+00
   1  229  140     6    34    1.9557E-02  1.8661E-05   1.9538E-02  0.000E+00  0.000E+00  0.000E+00  1.24454E+02  1.388E-01  1.808E+00  3.667E-05  1.018E+00
   1  229  141     6    35    1.9538E-02  9.3802E-06   1.9529E-02  0.000E+00  0.000E+00  0.000E+00  1.24452E+02  1.387E-01  1.808E+00  1.833E-05  1.023E+00
   1  230  141     6    36    1.9529E-02  3.7915E-05   1.9491E-02  0.000E+00  0.000E+00  0.000E+00  1.24450E+02  1.386E-01  1.808E+00  7.331E-05  1.034E+00
   1  231  141     6    37    1.9491E-02  1.9146E-05   1.9472E-02  0.000E+00  0.000E+00  0.000E+00  1.24447E+02  1.386E-01  1.807E+00  3.664E-05  1.045E+00
   1  231  142     6    38    1.9472E-02  9.6235E-06   1.9462E-02  0.000E+00  0.000E+00  0.000E+00  1.24446E+02  1.385E-01  1.807E+00  1.832E-05  1.051E+00
   1  232  142     6    39    1.9462E-02  2.9198E-05   1.9433E-02  0.000E+00  0.000E+00  0.000E+00  1.24444E+02  1.385E-01  1.807E+00  5.495E-05  1.063E+00
   1  233  142     6    40    1.9433E-02  2.9479E-05   1.9403E-02  0.000E+00  0.000E+00  0.000E+00  1.24442E+02  1.384E-01  1.806E+00  5.493E-05  1.073E+00
   1  234  142     7     1    1.9403E-02  7.0564E-06   1.9396E-02  0.000E+00  0.000E+00  0.000E+00  1.24403E+02  1.028E-01  1.331E+00  1.394E-05  1.013E+00
   1  234  143     7     2    1.9396E-02  2.1161E-05   1.9375E-02  0.000E+00  0.000E+00  0.000E+00  1.24399E+02  1.028E-01  1.331E+00  4.180E-05  1.012E+00
   1  235  143     7     3    1.9375E-02  2.1154E-05   1.9354E-02  0.000E+00  0.000E+00  0.000E+00  1.24391E+02  1.027E-01  1.331E+00  4.180E-05  1.012E+00
   1  236  143     7     4    1.9354E-02  1.4151E-05   1.9340E-02  0.000E+00  0.000E+00  0.000E+00  1.24385E+02  1.027E-01  1.331E+00  2.786E-05  1.016E+00
   1  236  144     7     5    1.9340E-02  1.4149E-05   1.9326E-02  0.000E+00  0.000E+00  0.000E+00  1.24380E+02  1.026E-01  1.330E+00  2.786E-05  1.016E+00
   1  237  144     7     6    1.9326E-02  2.1272E-05   1.9304E-02  0.000E+00  0.000E+00  0.000E+00  1.24374E+02  1.026E-01  1.330E+00  4.179E-05  1.018E+00
   1  238  144     7     7    1.9304E-02  2.1282E-05   1.9283E-02  0.000E+00  0.000E+00  0.000E+00  1.24366E+02  1.025E-01  1.330E+00  4.178E-05  1.019E+00
   1  238  145     7     8    1.9283E-02  7.0941E-06   1.9276E-02  0.000E+00  0.000E+00  0.000E+00  1.24362E+02  1.025E-01  1.330E+00  1.393E-05  1.019E+00
   1  239  145     7     9    1.9276E-02  2.8514E-05   1.9247E-02  0.000E+00  0.000E+00  0.000E+00  1.24357E+02  1.025E-01  1.330E+00  5.570E-05  1.024E+00
   1  240  145     7    10    1.9247E-02  2.1358E-05   1.9226E-02  0.000E+00  0.000E+00  0.000E+00  1.24348E+02  1.024E-01  1.330E+00  4.177E-05  1.023E+00
   1  241  145     7    11    1.9226E-02  7.1638E-06   1.9219E-02  0.000E+00  0.000E+00  0.000E+00  1.24344E+02  1.024E-01  1.330E+00  1.392E-05  1.029E+00
   1  241  146     7    12    1.9219E-02  2.1482E-05   1.9197E-02  0.000E+00  0.000E+00  0.000E+00  1.24339E+02  1.023E-01  1.330E+00  4.177E-05  1.029E+00
   1  242  146     7    13    1.9197E-02  2.1473E-05   1.9176E-02  0.000E+00  0.000E+00  0.000E+00  1.24331E+02  1.023E-01  1.330E+00  4.176E-05  1.028E+00
   1  243  146     7    14    1.9176E-02  1.4363E-05   1.9162E-02  0.000E+00  0.000E+00  0.000E+00  1.24325E+02  1.022E-01  1.330E+00  2.784E-05  1.032E+00
   1  243  147     7    15    1.9162E-02  1.4360E-05   1.9147E-02  0.000E+00  0.000E+00  0.000E+00  1.24321E+02  1.022E-01  1.330E+00  2.784E-05  1.032E+00
   1  244  147     7    16    1.9147E-02  2.1588E-05   1.9126E-02  0.000E+00  0.000E+00  0.000E+00  1.24314E+02  1.022E-01  1.330E+00  4.175E-05  1.034E+00
   1  245  147     7    17    1.9126E-02  1.4400E-05   1.9111E-02  0.000E+00  0.000E+00  0.000E+00  1.24307E+02  1.021E-01  1.330E+00  2.783E-05  1.035E+00
   1  245  148     7    18    1.9111E-02  7.1998E-06   1.9104E-02  0.000E+00  0.000E+00  0.000E+00  1.24302E+02  1.021E-01  1.330E+00  1.391E-05  1.035E+00
   1  246  148     7    19    1.9104E-02  2.1702E-05   1.9082E-02  0.000E+00  0.000E+00  0.000E+00  1.24297E+02  1.021E-01  1.329E+00  4.174E-05  1.040E+00
   1  247  148     7    20    1.9082E-02  2.8892E-05   1.9053E-02  0.000E+00  0.000E+00  0.000E+00  1.24289E+02  1.020E-01  1.329E+00  5.565E-05  1.038E+00
   1  248  148     7    21    1.9053E-02  7.2673E-06   1.9046E-02  0.000E+00  0.000E+00  0.000E+00  1.24284E+02  1.020E-01  1.329E+00  1.391E-05  1.045E+00
   1  248  149     7    22    1.9046E-02  2.1793E-05   1.9024E-02  0.000E+00  0.000E+00  0.000E+00  1.24280E+02  1.019E-01  1.329E+00  4.173E-05  1.045E+00
   1  249  149     7    23    1.9024E-02  2.1783E-05   1.9003E-02  0.000E+00  0.000E+00  0.000E+00  1.24272E+02  1.019E-01  1.329E+00  4.172E-05  1.044E+00
   1  250  149     7    24    1.9003E-02  1.4570E-05   1.8988E-02  0.000E+00  0.000E+00  0.000E+00  1.24265E+02  1.018E-01  1.329E+00  2.781E-05  1.048E+00
   1  250  150     7    25    1.8988E-02  7.2842E-06   1.8981E-02  0.000E+00  0.000E+00  0.000E+00  1.24261E+02  1.018E-01  1.329E+00  1.391E-05  1.048E+00
   1  251  150     7    26    1.8981E-02  2.9195E-05   1.8952E-02  0.000E+00  0.000E+00  0.000E+00  1.24255E+02  1.018E-01  1.329E+00  5.562E-05  1.050E+00
   1  252  150     7    27    1.8952E-02  1.4605E-05   1.8937E-02  0.000E+00  0.000E+00  0.000E+00  1.24247E+02  1.017E-01  1.329E+00  2.781E-05  1.050E+00
   1  252  151     7    28    1.8937E-02  7.3027E-06   1.8930E-02  0.000E+00  0.000E+00  0.000E+00  1.24243E+02  1.017E-01  1.329E+00  1.390E-05  1.051E+00
   1  253  151     7    29    1.8930E-02  2.2012E-05   1.8908E-02  0.000E+00  0.000E+00  0.000E+00  1.24238E+02  1.017E-01  1.329E+00  4.171E-05  1.056E+00
   1  254  151     7    30    1.8908E-02  2.1982E-05   1.8886E-02  0.000E+00  0.000E+00  0.000E+00  1.24229E+02  1.016E-01  1.329E+00  4.170E-05  1.054E+00
   1  255  151     7    31    1.8886E-02  7.3711E-06   1.8878E-02  0.000E+00  0.000E+00  0.000E+00  1.24224E+02  1.016E-01  1.329E+00  1.390E-05  1.061E+00
   1  255  152     7    32    1.8878E-02  2.2104E-05   1.8856E-02  0.000E+00  0.000E+00  0.000E+00  1.24220E+02  1.015E-01  1.329E+00  4.169E-05  1.060E+00
   1  256  152     7    33    1.8856E-02  2.2094E-05   1.8834E-02  0.000E+00  0.000E+00  0.000E+00  1.24212E+02  1.015E-01  1.328E+00  4.169E-05  1.060E+00
   1  257  152     7    34    1.8834E-02  7.3891E-06   1.8827E-02  0.000E+00  0.000E+00  0.000E+00  1.24206E+02  1.015E-01  1.328E+00  1.390E-05  1.064E+00
   1  257  153     7    35    1.8827E-02  1.4775E-05   1.8812E-02  0.000E+00  0.000E+00  0.000E+00  1.24202E+02  1.014E-01  1.328E+00  2.779E-05  1.063E+00
   1  258  153     7    36    1.8812E-02  2.9608E-05   1.8782E-02  0.000E+00  0.000E+00  0.000E+00  1.24195E+02  1.014E-01  1.328E+00  5.557E-05  1.066E+00
   1  259  153     7    37    1.8782E-02  1.4813E-05   1.8768E-02  0.000E+00  0.000E+00  0.000E+00  1.24187E+02  1.013E-01  1.328E+00  2.778E-05  1.066E+00
   1  259  154     7    38    1.8768E-02  7.4065E-06   1.8760E-02  0.000E+00  0.000E+00  0.000E+00  1.24183E+02  1.013E-01  1.328E+00  1.389E-05  1.066E+00
   1  260  154     7    39    1.8760E-02  2.2325E-05   1.8738E-02  0.000E+00  0.000E+00  0.000E+00  1.24178E+02  1.013E-01  1.328E+00  4.167E-05  1.072E+00
   1  261  154     7    40    1.8738E-02  2.2295E-05   1.8716E-02  0.000E+00  0.000E+00  0.000E+00  1.24170E+02  1.012E-01  1.328E+00  4.166E-05  1.070E+00
   1  262  154     7    41    1.8716E-02  7.4761E-06   1.8708E-02  0.000E+00  0.000E+00  0.000E+00  1.24165E+02  1.012E-01  1.328E+00  1.389E-05  1.077E+00
   1  262  155     7    42    1.8708E-02  2.2421E-05   1.8686E-02  0.000E+00  0.000E+00  0.000E+00  1.24161E+02  1.011E-01  1.328E+00  4.166E-05  1.076E+00
   1  263  155     7    43    1.8686E-02  2.2413E-05   1.8663E-02  0.000E+00  0.000E+00  0.000E+00  1.24153E+02  1.011E-01  1.328E+00  4.165E-05  1.076E+00
   1  264  155     7    44    1.8663E-02  7.4964E-06   1.8656E-02  0.000E+00  0.000E+00  0.000E+00  1.24146E+02  1.010E-01  1.328E+00  1.388E-05  1.080E+00
   1  264  156     7    45    1.8656E-02  1.4990E-05   1.8641E-02  0.000E+00  0.000E+00  0.000E+00  1.24142E+02  1.010E-01  1.328E+00  2.777E-05  1.080E+00
   1  265  156     7    46    1.8641E-02  2.2536E-05   1.8618E-02  0.000E+00  0.000E+00  0.000E+00  1.24135E+02  1.010E-01  1.328E+00  4.164E-05  1.082E+00
   1  266  156     7    47    1.8618E-02  2.2550E-05   1.8596E-02  0.000E+00  0.000E+00  0.000E+00  1.24128E+02  1.009E-01  1.327E+00  4.164E-05  1.083E+00
   1  266  157     7    48    1.8596E-02  7.5184E-06   1.8588E-02  0.000E+00  0.000E+00  0.000E+00  1.24124E+02  1.009E-01  1.327E+00  1.388E-05  1.083E+00
   1  267  157     7    49    1.8588E-02  7.6109E-06   1.8580E-02  0.000E+00  0.000E+00  0.000E+00  1.24122E+02  1.009E-01  1.327E+00  1.388E-05  1.097E+00
