


 STREAM LISTING     PERIOD      1   STEP        1

 LAYER ROW COL. STREAM  RCH.  FLOW INTO     FLOW TO   FLOW OUT OF   OVRLND.     DIRECT     STREAM       STREAM     STREAM     STREAM   STREAMBED  STREAMBED
                SEG.NO.  NO.  STRM. RCH.    AQUIFER    STRM. RCH.    RUNOFF     PRECIP       ET          HEAD       DEPTH      WIDTH   CONDCTNC.   GRADIENT

   1   52   54     1     1    3.1246E-02 -6.0700E-04   3.1853E-02  0.000E+00  0.000E+00  0.000E+00  1.24876E+02  6.872E-02  7.772E+00  3.420E-04 -3.550E+00
   1   53   54     1     2    3.1853E-02 -1.5314E-04   3.2007E-02  0.000E+00  0.000E+00  0.000E+00  1.24873E+02  6.954E-02  7.712E+00  8.483E-05 -3.610E+00
   1   53   55     1     3    3.2007E-02 -3.0711E-04   3.2314E-02  0.000E+00  0.000E+00  0.000E+00  1.24870E+02  7.003E-02  7.676E+00  1.689E-04 -3.637E+00
   1   54   55     1     4    3.2314E-02 -4.5947E-04   3.2773E-02  0.000E+00  0.000E+00  0.000E+00  1.24867E+02  7.086E-02  7.616E+00  2.513E-04 -3.656E+00
   1   55   55     1     5    3.2773E-02 -1.5302E-04   3.2926E-02  0.000E+00  0.000E+00  0.000E+00  1.24864E+02  7.153E-02  7.568E+00  8.324E-05 -3.676E+00
   1   55   56     1     6    3.2926E-02 -4.5712E-04   3.3383E-02  0.000E+00  0.000E+00  0.000E+00  1.24862E+02  7.221E-02  7.520E+00  2.481E-04 -3.684E+00
   1   56   56     1     7    3.3383E-02 -4.5406E-04   3.3837E-02  0.000E+00  0.000E+00  0.000E+00  1.24858E+02  7.322E-02  7.448E+00  2.458E-04 -3.695E+00
   1   57   56     1     8    3.3837E-02 -1.5080E-04   3.3988E-02  0.000E+00  0.000E+00  0.000E+00  1.24856E+02  7.390E-02  7.400E+00  8.139E-05 -3.705E+00
   1   57   57     1     9    3.3988E-02 -5.9841E-04   3.4587E-02  0.000E+00  0.000E+00  0.000E+00  1.24854E+02  7.475E-02  7.339E+00  3.229E-04 -3.706E+00
   1   58   57     1    10    3.4587E-02 -4.4466E-04   3.5031E-02  0.000E+00  0.000E+00  0.000E+00  1.24850E+02  7.596E-02  7.255E+00  2.394E-04 -3.714E+00
   1   58   58     1    11    3.5031E-02 -1.4766E-04   3.5179E-02  0.000E+00  0.000E+00  0.000E+00  1.24848E+02  7.665E-02  7.207E+00  7.928E-05 -3.725E+00
   1   59   58     1    12    3.5179E-02 -5.8518E-04   3.5764E-02  0.000E+00  0.000E+00  0.000E+00  1.24845E+02  7.752E-02  7.147E+00  3.145E-04 -3.722E+00
   1   60   58     1    13    3.5764E-02 -2.9022E-04   3.6054E-02  0.000E+00  0.000E+00  0.000E+00  1.24842E+02  7.856E-02  7.075E+00  1.557E-04 -3.729E+00
   1   60   59     1    14    3.6054E-02 -1.4465E-04   3.6199E-02  0.000E+00  0.000E+00  0.000E+00  1.24839E+02  7.909E-02  7.039E+00  7.743E-05 -3.736E+00
   1   61   59     1    15    3.6199E-02 -4.3065E-04   3.6630E-02  0.000E+00  0.000E+00  0.000E+00  1.24836E+02  7.979E-02  6.991E+00  2.307E-04 -3.733E+00
   1   62   59     1    16    3.6630E-02 -2.8481E-04   3.6914E-02  0.000E+00  0.000E+00  0.000E+00  1.24833E+02  8.068E-02  6.931E+00  1.525E-04 -3.736E+00
   1   62   60     1    17    3.6914E-02 -2.8305E-04   3.7197E-02  0.000E+00  0.000E+00  0.000E+00  1.24831E+02  8.139E-02  6.883E+00  1.514E-04 -3.739E+00
   1   63   60     1    18    3.7197E-02 -4.2065E-04   3.7618E-02  0.000E+00  0.000E+00  0.000E+00  1.24828E+02  8.229E-02  6.823E+00  2.252E-04 -3.737E+00
   1   64   60     1    19    3.7618E-02 -1.3929E-04   3.7757E-02  0.000E+00  0.000E+00  0.000E+00  1.24825E+02  8.300E-02  6.775E+00  7.452E-05 -3.738E+00
   1   64   61     1    20    3.7757E-02 -4.1473E-04   3.8172E-02  0.000E+00  0.000E+00  0.000E+00  1.24823E+02  8.373E-02  6.727E+00  2.220E-04 -3.737E+00
   1   65   61     1    21    3.8172E-02 -4.1017E-04   3.8582E-02  0.000E+00  0.000E+00  0.000E+00  1.24819E+02  8.482E-02  6.655E+00  2.196E-04 -3.736E+00
   1   66   61     1    22    3.8582E-02 -1.3573E-04   3.8718E-02  0.000E+00  0.000E+00  0.000E+00  1.24817E+02  8.555E-02  6.607E+00  7.267E-05 -3.735E+00
   1   66   62     1    23    3.8718E-02 -5.3737E-04   3.9255E-02  0.000E+00  0.000E+00  0.000E+00  1.24815E+02  8.647E-02  6.547E+00  2.880E-04 -3.731E+00
   1   67   62     1    24    3.9255E-02 -3.9791E-04   3.9653E-02  0.000E+00  0.000E+00  0.000E+00  1.24811E+02  8.777E-02  6.462E+00  2.133E-04 -3.732E+00
   1   67   63     1    25    3.9653E-02 -1.3186E-04   3.9785E-02  0.000E+00  0.000E+00  0.000E+00  1.24809E+02  8.851E-02  6.414E+00  7.056E-05 -3.738E+00
   1   68   63     1    26    3.9785E-02 -3.9182E-04   4.0177E-02  0.000E+00  0.000E+00  0.000E+00  1.24806E+02  8.926E-02  6.366E+00  2.101E-04 -3.730E+00
   1   69   63     1    27    4.0177E-02 -3.8725E-04   4.0564E-02  0.000E+00  0.000E+00  0.000E+00  1.24803E+02  9.040E-02  6.294E+00  2.077E-04 -3.729E+00
   1   69   64     1    28    4.0564E-02 -1.2826E-04   4.0692E-02  0.000E+00  0.000E+00  0.000E+00  1.24801E+02  9.116E-02  6.246E+00  6.871E-05 -3.733E+00
   1   70   64     1    29    4.0692E-02 -3.8114E-04   4.1074E-02  0.000E+00  0.000E+00  0.000E+00  1.24798E+02  9.193E-02  6.198E+00  2.045E-04 -3.727E+00
   1   71   64     1    30    4.1074E-02 -2.5154E-04   4.1325E-02  0.000E+00  0.000E+00  0.000E+00  1.24795E+02  9.290E-02  6.138E+00  1.350E-04 -3.725E+00
   1   71   65     1    31    4.1325E-02 -2.4963E-04   4.1575E-02  0.000E+00  0.000E+00  0.000E+00  1.24793E+02  9.368E-02  6.090E+00  1.340E-04 -3.726E+00
   1   72   65     1    32    4.1575E-02 -3.7027E-04   4.1945E-02  0.000E+00  0.000E+00  0.000E+00  1.24789E+02  9.466E-02  6.030E+00  1.990E-04 -3.722E+00
   1   73   65     1    33    4.1945E-02 -1.2241E-04   4.2067E-02  0.000E+00  0.000E+00  0.000E+00  1.24787E+02  9.545E-02  5.982E+00  6.580E-05 -3.720E+00
   1   73   66     1    34    4.2067E-02 -3.6402E-04   4.2431E-02  0.000E+00  0.000E+00  0.000E+00  1.24785E+02  9.624E-02  5.934E+00  1.958E-04 -3.718E+00
   1   74   66     1    35    4.2431E-02 -3.5929E-04   4.2791E-02  0.000E+00  0.000E+00  0.000E+00  1.24781E+02  9.745E-02  5.862E+00  1.934E-04 -3.715E+00
   1   75   66     1    36    4.2791E-02 -1.1871E-04   4.2909E-02  0.000E+00  0.000E+00  0.000E+00  1.24779E+02  9.826E-02  5.814E+00  6.395E-05 -3.713E+00
   1   75   67     1    37    4.2909E-02 -3.5290E-04   4.3262E-02  0.000E+00  0.000E+00  0.000E+00  1.24777E+02  9.908E-02  5.766E+00  1.903E-04 -3.710E+00
   1   76   67     1    38    4.3262E-02 -3.4825E-04   4.3611E-02  0.000E+00  0.000E+00  0.000E+00  1.24773E+02  1.003E-01  5.694E+00  1.879E-04 -3.707E+00
   1   76   68     1    39    4.3611E-02 -1.1522E-04   4.3726E-02  0.000E+00  0.000E+00  0.000E+00  1.24771E+02  1.011E-01  5.645E+00  6.210E-05 -3.711E+00
   1   77   68     1    40    4.3726E-02 -3.4188E-04   4.4068E-02  0.000E+00  0.000E+00  0.000E+00  1.24769E+02  1.020E-01  5.597E+00  1.847E-04 -3.702E+00
   1   78   68     1    41    4.4068E-02 -3.3720E-04   4.4405E-02  0.000E+00  0.000E+00  0.000E+00  1.24765E+02  1.033E-01  5.525E+00  1.823E-04 -3.699E+00
   1   78   69     1    42    4.4405E-02 -1.1152E-04   4.4516E-02  0.000E+00  0.000E+00  0.000E+00  1.24763E+02  1.041E-01  5.477E+00  6.025E-05 -3.702E+00
   1   79   69     1    43    4.4516E-02 -3.3093E-04   4.4847E-02  0.000E+00  0.000E+00  0.000E+00  1.24760E+02  1.050E-01  5.429E+00  1.792E-04 -3.694E+00
   1   80   69     1    44    4.4847E-02 -2.1802E-04   4.5065E-02  0.000E+00  0.000E+00  0.000E+00  1.24757E+02  1.061E-01  5.369E+00  1.181E-04 -3.691E+00
   1   80   70     1    45    4.5065E-02 -2.1607E-04   4.5281E-02  0.000E+00  0.000E+00  0.000E+00  1.24755E+02  1.070E-01  5.321E+00  1.171E-04 -3.692E+00
   1   81   70     1    46    4.5281E-02 -3.1995E-04   4.5601E-02  0.000E+00  0.000E+00  0.000E+00  1.24752E+02  1.081E-01  5.261E+00  1.736E-04 -3.686E+00
   1   82   70     1    47    4.5601E-02 -1.0561E-04   4.5707E-02  0.000E+00  0.000E+00  0.000E+00  1.24750E+02  1.090E-01  5.213E+00  5.734E-05 -3.683E+00
   1   82   71     1    48    4.5707E-02 -2.0967E-04   4.5917E-02  0.000E+00  0.000E+00  0.000E+00  1.24747E+02  1.096E-01  5.177E+00  1.139E-04 -3.682E+00
   1   83   71     1    49    4.5917E-02 -4.1275E-04   4.6329E-02  0.000E+00  0.000E+00  0.000E+00  1.24744E+02  1.110E-01  5.105E+00  2.246E-04 -3.675E+00
   1   84   71     1    50    4.6329E-02 -1.0189E-04   4.6431E-02  0.000E+00  0.000E+00  0.000E+00  1.24742E+02  1.122E-01  5.045E+00  5.549E-05 -3.672E+00
   1   84   72     1    51    4.6431E-02 -3.0252E-04   4.6734E-02  0.000E+00  0.000E+00  0.000E+00  1.24740E+02  1.131E-01  4.997E+00  1.649E-04 -3.669E+00
   1   85   72     1    52    4.6734E-02 -2.9789E-04   4.7032E-02  0.000E+00  0.000E+00  0.000E+00  1.24737E+02  1.146E-01  4.925E+00  1.625E-04 -3.666E+00
   1   85   73     1    53    4.7032E-02 -9.8402E-05   4.7130E-02  0.000E+00  0.000E+00  0.000E+00  1.24735E+02  1.155E-01  4.877E+00  5.364E-05 -3.669E+00
   1   86   73     1    54    4.7130E-02 -2.9156E-04   4.7422E-02  0.000E+00  0.000E+00  0.000E+00  1.24733E+02  1.165E-01  4.829E+00  1.593E-04 -3.660E+00
   1   87   73     1    55    4.7422E-02 -2.8693E-04   4.7709E-02  0.000E+00  0.000E+00  0.000E+00  1.24729E+02  1.180E-01  4.756E+00  1.570E-04 -3.656E+00
   1   87   74     1    56    4.7709E-02 -9.4739E-05   4.7803E-02  0.000E+00  0.000E+00  0.000E+00  1.24727E+02  1.190E-01  4.708E+00  5.179E-05 -3.658E+00
   1   88   74     1    57    4.7803E-02 -2.8073E-04   4.8084E-02  0.000E+00  0.000E+00  0.000E+00  1.24725E+02  1.200E-01  4.660E+00  1.538E-04 -3.651E+00
   1   89   74     1    58    4.8084E-02 -1.8458E-04   4.8269E-02  0.000E+00  0.000E+00  0.000E+00  1.24722E+02  1.213E-01  4.600E+00  1.012E-04 -3.648E+00
   1   89   75     1    59    4.8269E-02 -9.1600E-05   4.8360E-02  0.000E+00  0.000E+00  0.000E+00  1.24720E+02  1.221E-01  4.564E+00  5.021E-05 -3.649E+00
   1   90   75     1    60    4.8360E-02 -3.6080E-04   4.8721E-02  0.000E+00  0.000E+00  0.000E+00  1.24717E+02  1.234E-01  4.504E+00  1.982E-04 -3.641E+00
   1   91   75     1    61    4.8721E-02 -8.8944E-05   4.8810E-02  0.000E+00  0.000E+00  0.000E+00  1.24715E+02  1.248E-01  4.444E+00  4.889E-05 -3.639E+00
   1   91   76     1    62    4.8810E-02 -1.7643E-04   4.8986E-02  0.000E+00  0.000E+00  0.000E+00  1.24713E+02  1.256E-01  4.408E+00  9.698E-05 -3.639E+00
   1   92   76     1    63    4.8986E-02 -8.7321E-05   4.9074E-02  0.000E+00  0.000E+00  0.000E+00  1.24712E+02  1.264E-01  4.372E+00  4.809E-05 -3.631E+00
   1   93   76     2     1    4.9074E-02 -6.2044E-05   4.9136E-02  0.000E+00  0.000E+00  0.000E+00  1.24898E+02  3.136E-01  3.345E+00  3.821E-05 -3.248E+00
   1   93   77     2     2    4.9136E-02 -1.2392E-04   4.9260E-02  0.000E+00  0.000E+00  0.000E+00  1.24898E+02  3.139E-01  3.346E+00  7.645E-05 -3.242E+00
   1   94   77     2     3    4.9260E-02 -2.4698E-04   4.9507E-02  0.000E+00  0.000E+00  0.000E+00  1.24899E+02  3.145E-01  3.349E+00  1.530E-04 -3.228E+00
   1   95   77     2     4    4.9507E-02 -6.1596E-05   4.9568E-02  0.000E+00  0.000E+00  0.000E+00  1.24899E+02  3.150E-01  3.351E+00  3.828E-05 -3.218E+00
   1   95   78     2     5    4.9568E-02 -1.8451E-04   4.9753E-02  0.000E+00  0.000E+00  0.000E+00  1.24899E+02  3.154E-01  3.353E+00  1.149E-04 -3.211E+00
   1   96   78     2     6    4.9753E-02 -1.8395E-04   4.9937E-02  0.000E+00  0.000E+00  0.000E+00  1.24900E+02  3.160E-01  3.355E+00  1.150E-04 -3.199E+00
   1   96   79     2     7    4.9937E-02 -6.1288E-05   4.9998E-02  0.000E+00  0.000E+00  0.000E+00  1.24900E+02  3.164E-01  3.357E+00  3.836E-05 -3.196E+00
   1   97   79     2     8    4.9998E-02 -1.8316E-04   5.0181E-02  0.000E+00  0.000E+00  0.000E+00  1.24900E+02  3.168E-01  3.359E+00  1.151E-04 -3.182E+00
   1   98   79     2     9    5.0181E-02 -1.2175E-04   5.0303E-02  0.000E+00  0.000E+00  0.000E+00  1.24900E+02  3.173E-01  3.361E+00  7.681E-05 -3.170E+00
   1   98   80     2    10    5.0303E-02 -1.2162E-04   5.0425E-02  0.000E+00  0.000E+00  0.000E+00  1.24901E+02  3.177E-01  3.363E+00  7.685E-05 -3.165E+00
   1   99   80     2    11    5.0425E-02 -1.8177E-04   5.0606E-02  0.000E+00  0.000E+00  0.000E+00  1.24901E+02  3.182E-01  3.365E+00  1.153E-04 -3.152E+00
   1  100   80     2    12    5.0606E-02 -6.0411E-05   5.0667E-02  0.000E+00  0.000E+00  0.000E+00  1.24901E+02  3.186E-01  3.366E+00  3.847E-05 -3.141E+00
   1  100   81     2    13    5.0667E-02 -1.2064E-04   5.0787E-02  0.000E+00  0.000E+00  0.000E+00  1.24901E+02  3.189E-01  3.368E+00  7.697E-05 -3.135E+00
   1  101   81     2    14    5.0787E-02 -2.4034E-04   5.1028E-02  0.000E+00  0.000E+00  0.000E+00  1.24901E+02  3.195E-01  3.370E+00  1.541E-04 -3.120E+00
   1  102   81     2    15    5.1028E-02 -5.9914E-05   5.1088E-02  0.000E+00  0.000E+00  0.000E+00  1.24902E+02  3.200E-01  3.372E+00  3.854E-05 -3.109E+00
   1  102   82     2    16    5.1088E-02 -1.7943E-04   5.1267E-02  0.000E+00  0.000E+00  0.000E+00  1.24902E+02  3.204E-01  3.374E+00  1.157E-04 -3.102E+00
   1  103   82     2    17    5.1267E-02 -2.3840E-04   5.1505E-02  0.000E+00  0.000E+00  0.000E+00  1.24902E+02  3.211E-01  3.377E+00  1.544E-04 -3.088E+00
   1  103   83     2    18    5.1505E-02 -5.9581E-05   5.1565E-02  0.000E+00  0.000E+00  0.000E+00  1.24903E+02  3.216E-01  3.379E+00  3.862E-05 -3.085E+00
   1  104   83     2    19    5.1565E-02 -1.7801E-04   5.1743E-02  0.000E+00  0.000E+00  0.000E+00  1.24903E+02  3.219E-01  3.381E+00  1.159E-04 -3.071E+00
   1  105   83     2    20    5.1743E-02 -1.7742E-04   5.1921E-02  0.000E+00  0.000E+00  0.000E+00  1.24903E+02  3.225E-01  3.383E+00  1.160E-04 -3.058E+00
   1  105   84     2    21    5.1921E-02 -5.9100E-05   5.1980E-02  0.000E+00  0.000E+00  0.000E+00  1.24903E+02  3.229E-01  3.385E+00  3.869E-05 -3.055E+00
   1  106   84     2    22    5.1980E-02 -1.7657E-04   5.2156E-02  0.000E+00  0.000E+00  0.000E+00  1.24904E+02  3.233E-01  3.386E+00  1.161E-04 -3.041E+00
   1  107   84     2    23    5.2156E-02 -1.1732E-04   5.2273E-02  0.000E+00  0.000E+00  0.000E+00  1.24904E+02  3.238E-01  3.388E+00  7.748E-05 -3.029E+00
   1  107   85     2    24    5.2273E-02 -5.8596E-05   5.2332E-02  0.000E+00  0.000E+00  0.000E+00  1.24904E+02  3.240E-01  3.390E+00  3.875E-05 -3.024E+00
   1  108   85     2    25    5.2332E-02 -2.3336E-04   5.2565E-02  0.000E+00  0.000E+00  0.000E+00  1.24904E+02  3.245E-01  3.392E+00  1.551E-04 -3.009E+00
   1  109   85     2    26    5.2565E-02 -5.8161E-05   5.2624E-02  0.000E+00  0.000E+00  0.000E+00  1.24904E+02  3.250E-01  3.394E+00  3.880E-05 -2.998E+00
   1  109   86     2    27    5.2624E-02 -1.1613E-04   5.2740E-02  0.000E+00  0.000E+00  0.000E+00  1.24904E+02  3.253E-01  3.395E+00  7.763E-05 -2.992E+00
   1  110   86     2    28    5.2740E-02 -2.3130E-04   5.2971E-02  0.000E+00  0.000E+00  0.000E+00  1.24905E+02  3.258E-01  3.397E+00  1.554E-04 -2.977E+00
   1  111   86     2    29    5.2971E-02 -5.7648E-05   5.3029E-02  0.000E+00  0.000E+00  0.000E+00  1.24905E+02  3.263E-01  3.399E+00  3.887E-05 -2.966E+00
   1  111   87     2    30    5.3029E-02 -1.7263E-04   5.3201E-02  0.000E+00  0.000E+00  0.000E+00  1.24905E+02  3.266E-01  3.401E+00  1.167E-04 -2.959E+00
   1  112   87     2    31    5.3201E-02 -1.7200E-04   5.3373E-02  0.000E+00  0.000E+00  0.000E+00  1.24906E+02  3.272E-01  3.403E+00  1.168E-04 -2.946E+00
   1  112   88     2    32    5.3373E-02 -5.7289E-05   5.3431E-02  0.000E+00  0.000E+00  0.000E+00  1.24906E+02  3.276E-01  3.405E+00  3.894E-05 -2.943E+00
   1  113   88     2    33    5.3431E-02 -1.7111E-04   5.3602E-02  0.000E+00  0.000E+00  0.000E+00  1.24906E+02  3.279E-01  3.406E+00  1.169E-04 -2.928E+00
   1  114   88     2    34    5.3602E-02 -1.1366E-04   5.3715E-02  0.000E+00  0.000E+00  0.000E+00  1.24906E+02  3.284E-01  3.408E+00  7.796E-05 -2.916E+00
   1  114   89     2    35    5.3715E-02 -1.1352E-04   5.3829E-02  0.000E+00  0.000E+00  0.000E+00  1.24906E+02  3.287E-01  3.410E+00  7.800E-05 -2.911E+00
   1  115   89     2    36    5.3829E-02 -1.6956E-04   5.3998E-02  0.000E+00  0.000E+00  0.000E+00  1.24907E+02  3.292E-01  3.412E+00  1.171E-04 -2.897E+00
   1  116   89     2    37    5.3998E-02 -1.1263E-04   5.4111E-02  0.000E+00  0.000E+00  0.000E+00  1.24907E+02  3.296E-01  3.414E+00  7.809E-05 -2.885E+00
   1  116   90     2    38    5.4111E-02 -5.6245E-05   5.4167E-02  0.000E+00  0.000E+00  0.000E+00  1.24907E+02  3.299E-01  3.415E+00  3.906E-05 -2.880E+00
   1  117   90     2    39    5.4167E-02 -2.2394E-04   5.4391E-02  0.000E+00  0.000E+00  0.000E+00  1.24907E+02  3.304E-01  3.417E+00  1.563E-04 -2.865E+00
   1  118   90     2    40    5.4391E-02 -5.5797E-05   5.4447E-02  0.000E+00  0.000E+00  0.000E+00  1.24907E+02  3.308E-01  3.419E+00  3.910E-05 -2.854E+00
   1  118   91     2    41    5.4447E-02 -1.1140E-04   5.4558E-02  0.000E+00  0.000E+00  0.000E+00  1.24907E+02  3.311E-01  3.420E+00  7.824E-05 -2.848E+00
   1  119   91     2    42    5.4558E-02 -2.2182E-04   5.4780E-02  0.000E+00  0.000E+00  0.000E+00  1.24908E+02  3.316E-01  3.422E+00  1.566E-04 -2.833E+00
   1  120   91     2    43    5.4780E-02 -5.5269E-05   5.4836E-02  0.000E+00  0.000E+00  0.000E+00  1.24908E+02  3.320E-01  3.424E+00  3.917E-05 -2.822E+00
   1  120   92     2    44    5.4836E-02 -1.6549E-04   5.5001E-02  0.000E+00  0.000E+00  0.000E+00  1.24908E+02  3.324E-01  3.425E+00  1.176E-04 -2.815E+00
   1  121   92     2    45    5.5001E-02 -1.6484E-04   5.5166E-02  0.000E+00  0.000E+00  0.000E+00  1.24908E+02  3.329E-01  3.428E+00  1.176E-04 -2.802E+00
   1  121   93     2    46    5.5166E-02 -5.4902E-05   5.5221E-02  0.000E+00  0.000E+00  0.000E+00  1.24908E+02  3.332E-01  3.429E+00  3.923E-05 -2.799E+00
   1  122   93     2    47    5.5221E-02 -1.6395E-04   5.5385E-02  0.000E+00  0.000E+00  0.000E+00  1.24909E+02  3.336E-01  3.431E+00  1.177E-04 -2.785E+00
   1  123   93     2    48    5.5385E-02 -1.0889E-04   5.5494E-02  0.000E+00  0.000E+00  0.000E+00  1.24909E+02  3.340E-01  3.433E+00  7.854E-05 -2.773E+00
   1  123   94     2    49    5.5494E-02 -5.4376E-05   5.5548E-02  0.000E+00  0.000E+00  0.000E+00  1.24909E+02  3.343E-01  3.434E+00  3.929E-05 -2.768E+00
   1  124   94     2    50    5.5548E-02 -2.1647E-04   5.5764E-02  0.000E+00  0.000E+00  0.000E+00  1.24909E+02  3.347E-01  3.435E+00  1.572E-04 -2.754E+00
   1  125   94     2    51    5.5764E-02 -5.3935E-05   5.5818E-02  0.000E+00  0.000E+00  0.000E+00  1.24909E+02  3.351E-01  3.437E+00  3.933E-05 -2.743E+00
   1  125   95     2    52    5.5818E-02 -5.3852E-05   5.5872E-02  0.000E+00  0.000E+00  0.000E+00  1.24909E+02  3.353E-01  3.438E+00  3.934E-05 -2.738E+00
   1  126   95     3     1    5.5872E-02 -1.6220E-04   5.6034E-02  0.000E+00  0.000E+00  0.000E+00  1.24894E+02  3.202E-01  2.524E+00  1.177E-04 -2.756E+00
   1  127   95     3     2    5.6034E-02 -4.0406E-05   5.6075E-02  0.000E+00  0.000E+00  0.000E+00  1.24893E+02  3.205E-01  2.525E+00  2.944E-05 -2.745E+00
   1  127   96     3     3    5.6075E-02 -8.0679E-05   5.6156E-02  0.000E+00  0.000E+00  0.000E+00  1.24893E+02  3.207E-01  2.526E+00  5.890E-05 -2.740E+00
   1  128   96     3     4    5.6156E-02 -1.6065E-04   5.6316E-02  0.000E+00  0.000E+00  0.000E+00  1.24893E+02  3.210E-01  2.527E+00  1.179E-04 -2.726E+00
   1  129   96     3     5    5.6316E-02 -4.0015E-05   5.6356E-02  0.000E+00  0.000E+00  0.000E+00  1.24893E+02  3.213E-01  2.528E+00  2.947E-05 -2.715E+00
   1  129   97     3     6    5.6356E-02 -1.1982E-04   5.6476E-02  0.000E+00  0.000E+00  0.000E+00  1.24893E+02  3.215E-01  2.528E+00  8.845E-05 -2.709E+00
   1  130   97     3     7    5.6476E-02 -1.1934E-04   5.6595E-02  0.000E+00  0.000E+00  0.000E+00  1.24892E+02  3.219E-01  2.529E+00  8.849E-05 -2.697E+00
   1  130   98     3     8    5.6595E-02 -3.9738E-05   5.6635E-02  0.000E+00  0.000E+00  0.000E+00  1.24892E+02  3.221E-01  2.530E+00  2.951E-05 -2.694E+00
   1  131   98     3     9    5.6635E-02 -1.1864E-04   5.6754E-02  0.000E+00  0.000E+00  0.000E+00  1.24892E+02  3.224E-01  2.531E+00  8.854E-05 -2.680E+00
   1  132   98     3    10    5.6754E-02 -1.1815E-04   5.6872E-02  0.000E+00  0.000E+00  0.000E+00  1.24892E+02  3.227E-01  2.532E+00  8.858E-05 -2.667E+00
   1  132   99     3    11    5.6872E-02 -3.9337E-05   5.6911E-02  0.000E+00  0.000E+00  0.000E+00  1.24892E+02  3.229E-01  2.532E+00  2.954E-05 -2.664E+00
   1  133   99     3    12    5.6911E-02 -1.5658E-04   5.7068E-02  0.000E+00  0.000E+00  0.000E+00  1.24891E+02  3.232E-01  2.533E+00  1.182E-04 -2.650E+00
   1  134   99     3    13    5.7068E-02 -7.7982E-05   5.7146E-02  0.000E+00  0.000E+00  0.000E+00  1.24891E+02  3.236E-01  2.534E+00  5.912E-05 -2.638E+00
   1  134  100     3    14    5.7146E-02 -3.8938E-05   5.7185E-02  0.000E+00  0.000E+00  0.000E+00  1.24891E+02  3.238E-01  2.535E+00  2.957E-05 -2.634E+00
   1  135  100     3    15    5.7185E-02 -1.5499E-04   5.7340E-02  0.000E+00  0.000E+00  0.000E+00  1.24891E+02  3.240E-01  2.535E+00  1.183E-04 -2.620E+00
   1  136  100     3    16    5.7340E-02 -3.8594E-05   5.7378E-02  0.000E+00  0.000E+00  0.000E+00  1.24891E+02  3.243E-01  2.536E+00  2.959E-05 -2.609E+00
   1  136  101     3    17    5.7378E-02 -7.7053E-05   5.7455E-02  0.000E+00  0.000E+00  0.000E+00  1.24890E+02  3.245E-01  2.537E+00  5.919E-05 -2.604E+00
   1  137  101     3    18    5.7455E-02 -1.1504E-04   5.7570E-02  0.000E+00  0.000E+00  0.000E+00  1.24890E+02  3.248E-01  2.537E+00  8.882E-05 -2.590E+00
   1  138  101     3    19    5.7570E-02 -3.8181E-05   5.7609E-02  0.000E+00  0.000E+00  0.000E+00  1.24890E+02  3.250E-01  2.538E+00  2.961E-05 -2.579E+00
   1  138  102     3    20    5.7609E-02 -1.1431E-04   5.7723E-02  0.000E+00  0.000E+00  0.000E+00  1.24890E+02  3.252E-01  2.539E+00  8.887E-05 -2.573E+00
   1  139  102     3    21    5.7723E-02 -1.1379E-04   5.7837E-02  0.000E+00  0.000E+00  0.000E+00  1.24889E+02  3.256E-01  2.540E+00  8.891E-05 -2.560E+00
   1  140  102     3    22    5.7837E-02 -3.7762E-05   5.7874E-02  0.000E+00  0.000E+00  0.000E+00  1.24889E+02  3.258E-01  2.540E+00  2.964E-05 -2.548E+00
   1  140  103     3    23    5.7874E-02 -1.5071E-04   5.8025E-02  0.000E+00  0.000E+00  0.000E+00  1.24889E+02  3.261E-01  2.541E+00  1.186E-04 -2.541E+00
   1  141  103     3    24    5.8025E-02 -1.1254E-04   5.8138E-02  0.000E+00  0.000E+00  0.000E+00  1.24889E+02  3.264E-01  2.542E+00  8.901E-05 -2.529E+00
   1  141  104     3    25    5.8138E-02 -3.7469E-05   5.8175E-02  0.000E+00  0.000E+00  0.000E+00  1.24889E+02  3.267E-01  2.543E+00  2.968E-05 -2.525E+00
   1  142  104     3    26    5.8175E-02 -1.4908E-04   5.8324E-02  0.000E+00  0.000E+00  0.000E+00  1.24888E+02  3.269E-01  2.543E+00  1.187E-04 -2.511E+00
   1  143  104     3    27    5.8324E-02 -7.4226E-05   5.8398E-02  0.000E+00  0.000E+00  0.000E+00  1.24888E+02  3.273E-01  2.544E+00  5.940E-05 -2.499E+00
   1  143  105     3    28    5.8398E-02 -3.7060E-05   5.8436E-02  0.000E+00  0.000E+00  0.000E+00  1.24888E+02  3.274E-01  2.545E+00  2.971E-05 -2.495E+00
   1  144  105     3    29    5.8436E-02 -1.1060E-04   5.8546E-02  0.000E+00  0.000E+00  0.000E+00  1.24888E+02  3.276E-01  2.545E+00  8.914E-05 -2.481E+00
   1  145  105     3    30    5.8546E-02 -7.3391E-05   5.8620E-02  0.000E+00  0.000E+00  0.000E+00  1.24887E+02  3.279E-01  2.546E+00  5.945E-05 -2.469E+00
   1  145  106     3    31    5.8620E-02 -7.3266E-05   5.8693E-02  0.000E+00  0.000E+00  0.000E+00  1.24887E+02  3.281E-01  2.547E+00  5.946E-05 -2.464E+00
   1  146  106     3    32    5.8693E-02 -1.0934E-04   5.8802E-02  0.000E+00  0.000E+00  0.000E+00  1.24887E+02  3.284E-01  2.547E+00  8.923E-05 -2.451E+00
   1  147  106     3    33    5.8802E-02 -3.6278E-05   5.8838E-02  0.000E+00  0.000E+00  0.000E+00  1.24887E+02  3.286E-01  2.548E+00  2.975E-05 -2.439E+00
   1  147  107     3    34    5.8838E-02 -1.0861E-04   5.8947E-02  0.000E+00  0.000E+00  0.000E+00  1.24886E+02  3.288E-01  2.549E+00  8.927E-05 -2.433E+00
   1  148  107     3    35    5.8947E-02 -1.0807E-04   5.9055E-02  0.000E+00  0.000E+00  0.000E+00  1.24886E+02  3.291E-01  2.550E+00  8.931E-05 -2.420E+00
   1  149  107     3    36    5.9055E-02 -3.5853E-05   5.9091E-02  0.000E+00  0.000E+00  0.000E+00  1.24886E+02  3.293E-01  2.550E+00  2.978E-05 -2.408E+00
   1  149  108     3    37    5.9091E-02 -1.0733E-04   5.9198E-02  0.000E+00  0.000E+00  0.000E+00  1.24886E+02  3.295E-01  2.551E+00  8.936E-05 -2.402E+00
   1  150  108     3    38    5.9198E-02 -1.0680E-04   5.9305E-02  0.000E+00  0.000E+00  0.000E+00  1.24885E+02  3.298E-01  2.552E+00  8.939E-05 -2.389E+00
   1  150  109     3    39    5.9305E-02 -3.5552E-05   5.9341E-02  0.000E+00  0.000E+00  0.000E+00  1.24885E+02  3.300E-01  2.552E+00  2.981E-05 -2.386E+00
   1  151  109     3    40    5.9341E-02 -1.0605E-04   5.9447E-02  0.000E+00  0.000E+00  0.000E+00  1.24885E+02  3.302E-01  2.553E+00  8.944E-05 -2.371E+00
   1  152  109     3    41    5.9447E-02 -1.0552E-04   5.9552E-02  0.000E+00  0.000E+00  0.000E+00  1.24885E+02  3.306E-01  2.554E+00  8.947E-05 -2.359E+00
   1  152  110     3    42    5.9552E-02 -3.5128E-05   5.9587E-02  0.000E+00  0.000E+00  0.000E+00  1.24885E+02  3.308E-01  2.554E+00  2.983E-05 -2.355E+00
   1  153  110     3    43    5.9587E-02 -1.0479E-04   5.9692E-02  0.000E+00  0.000E+00  0.000E+00  1.24884E+02  3.310E-01  2.555E+00  8.952E-05 -2.341E+00
   1  154  110     3    44    5.9692E-02 -6.9513E-05   5.9762E-02  0.000E+00  0.000E+00  0.000E+00  1.24884E+02  3.312E-01  2.555E+00  5.970E-05 -2.329E+00
   1  154  111     3    45    5.9762E-02 -6.9405E-05   5.9831E-02  0.000E+00  0.000E+00  0.000E+00  1.24884E+02  3.314E-01  2.556E+00  5.971E-05 -2.325E+00
   1  155  111     3    46    5.9831E-02 -3.4511E-05   5.9866E-02  0.000E+00  0.000E+00  0.000E+00  1.24884E+02  3.316E-01  2.556E+00  2.986E-05 -2.311E+00
   1  156  111     4     1    5.9866E-02 -1.0094E-04   5.9966E-02  0.000E+00  0.000E+00  0.000E+00  1.24771E+02  2.291E-01  2.327E+00  8.003E-05 -2.522E+00
   1  157  111     4     2    5.9966E-02 -1.0112E-04   6.0068E-02  0.000E+00  0.000E+00  0.000E+00  1.24762E+02  2.293E-01  2.328E+00  8.005E-05 -2.526E+00
   1  158  111     4     3    6.0068E-02 -1.0131E-04   6.0169E-02  0.000E+00  0.000E+00  0.000E+00  1.24753E+02  2.294E-01  2.328E+00  8.008E-05 -2.530E+00
   1  159  111     4     4    6.0169E-02 -1.0151E-04   6.0270E-02  0.000E+00  0.000E+00  0.000E+00  1.24744E+02  2.296E-01  2.329E+00  8.010E-05 -2.535E+00
   1  160  111     4     5    6.0270E-02 -1.0171E-04   6.0372E-02  0.000E+00  0.000E+00  0.000E+00  1.24735E+02  2.298E-01  2.330E+00  8.012E-05 -2.539E+00
   1  161  111     4     6    6.0372E-02 -1.0191E-04   6.0474E-02  0.000E+00  0.000E+00  0.000E+00  1.24726E+02  2.300E-01  2.330E+00  8.015E-05 -2.543E+00
   1  162  111     4     7    6.0474E-02 -1.0211E-04   6.0576E-02  0.000E+00  0.000E+00  0.000E+00  1.24717E+02  2.302E-01  2.331E+00  8.017E-05 -2.547E+00
   1  163  111     4     8    6.0576E-02 -1.0232E-04   6.0678E-02  0.000E+00  0.000E+00  0.000E+00  1.24708E+02  2.304E-01  2.331E+00  8.019E-05 -2.552E+00
   1  164  111     4     9    6.0678E-02 -1.0254E-04   6.0781E-02  0.000E+00  0.000E+00  0.000E+00  1.24699E+02  2.306E-01  2.332E+00  8.022E-05 -2.557E+00
   1  165  111     4    10    6.0781E-02 -3.4140E-05   6.0815E-02  0.000E+00  0.000E+00  0.000E+00  1.24695E+02  2.307E-01  2.332E+00  2.674E-05 -2.553E+00
   1  166  111     5     1    6.0815E-02 -6.3051E-05   6.0878E-02  0.000E+00  0.000E+00  0.000E+00  1.24757E+02  2.957E-01  2.263E+00  5.222E-05 -2.415E+00
   1  166  112     5     2    6.0878E-02 -3.1480E-05   6.0910E-02  0.000E+00  0.000E+00  0.000E+00  1.24756E+02  2.958E-01  2.263E+00  2.611E-05 -2.411E+00
   1  167  112     5     3    6.0910E-02 -9.3991E-05   6.1004E-02  0.000E+00  0.000E+00  0.000E+00  1.24755E+02  2.959E-01  2.264E+00  7.836E-05 -2.399E+00
   1  168  112     5     4    6.1004E-02 -9.3599E-05   6.1097E-02  0.000E+00  0.000E+00  0.000E+00  1.24754E+02  2.962E-01  2.265E+00  7.839E-05 -2.388E+00
   1  168  113     5     5    6.1097E-02 -3.1164E-05   6.1128E-02  0.000E+00  0.000E+00  0.000E+00  1.24753E+02  2.963E-01  2.265E+00  2.614E-05 -2.385E+00
   1  169  113     5     6    6.1128E-02 -9.3037E-05   6.1221E-02  0.000E+00  0.000E+00  0.000E+00  1.24752E+02  2.964E-01  2.266E+00  7.844E-05 -2.372E+00
   1  170  113     5     7    6.1221E-02 -9.2650E-05   6.1314E-02  0.000E+00  0.000E+00  0.000E+00  1.24750E+02  2.967E-01  2.267E+00  7.847E-05 -2.361E+00
   1  170  114     5     8    6.1314E-02 -3.0849E-05   6.1345E-02  0.000E+00  0.000E+00  0.000E+00  1.24749E+02  2.968E-01  2.267E+00  2.616E-05 -2.358E+00
   1  171  114     5     9    6.1345E-02 -1.2277E-04   6.1468E-02  0.000E+00  0.000E+00  0.000E+00  1.24748E+02  2.970E-01  2.268E+00  1.047E-04 -2.346E+00
   1  172  114     5    10    6.1468E-02 -6.1151E-05   6.1529E-02  0.000E+00  0.000E+00  0.000E+00  1.24747E+02  2.972E-01  2.269E+00  5.236E-05 -2.336E+00
   1  172  115     5    11    6.1529E-02 -3.0537E-05   6.1559E-02  0.000E+00  0.000E+00  0.000E+00  1.24746E+02  2.973E-01  2.269E+00  2.619E-05 -2.332E+00
   1  173  115     5    12    6.1559E-02 -9.1141E-05   6.1651E-02  0.000E+00  0.000E+00  0.000E+00  1.24745E+02  2.974E-01  2.270E+00  7.858E-05 -2.320E+00
   1  174  115     5    13    6.1651E-02 -9.0760E-05   6.1741E-02  0.000E+00  0.000E+00  0.000E+00  1.24743E+02  2.977E-01  2.271E+00  7.861E-05 -2.309E+00
   1  174  116     5    14    6.1741E-02 -3.0220E-05   6.1772E-02  0.000E+00  0.000E+00  0.000E+00  1.24742E+02  2.978E-01  2.271E+00  2.621E-05 -2.306E+00
   1  175  116     5    15    6.1772E-02 -9.0179E-05   6.1862E-02  0.000E+00  0.000E+00  0.000E+00  1.24741E+02  2.979E-01  2.272E+00  7.866E-05 -2.293E+00
   1  176  116     5    16    6.1862E-02 -8.9799E-05   6.1952E-02  0.000E+00  0.000E+00  0.000E+00  1.24740E+02  2.981E-01  2.273E+00  7.869E-05 -2.282E+00
   1  176  117     5    17    6.1952E-02 -2.9899E-05   6.1981E-02  0.000E+00  0.000E+00  0.000E+00  1.24739E+02  2.983E-01  2.273E+00  2.624E-05 -2.279E+00
   1  177  117     5    18    6.1981E-02 -1.1893E-04   6.2100E-02  0.000E+00  0.000E+00  0.000E+00  1.24738E+02  2.984E-01  2.274E+00  1.050E-04 -2.266E+00
   1  178  117     5    19    6.2100E-02 -8.8839E-05   6.2189E-02  0.000E+00  0.000E+00  0.000E+00  1.24736E+02  2.987E-01  2.275E+00  7.877E-05 -2.256E+00
   1  179  117     5    20    6.2189E-02 -2.9472E-05   6.2219E-02  0.000E+00  0.000E+00  0.000E+00  1.24735E+02  2.988E-01  2.275E+00  2.626E-05 -2.244E+00
   1  179  118     5    21    6.2219E-02 -8.8250E-05   6.2307E-02  0.000E+00  0.000E+00  0.000E+00  1.24734E+02  2.990E-01  2.276E+00  7.881E-05 -2.240E+00
   1  180  118     5    22    6.2307E-02 -1.1715E-04   6.2424E-02  0.000E+00  0.000E+00  0.000E+00  1.24733E+02  2.992E-01  2.277E+00  1.051E-04 -2.229E+00
   1  181  118     5    23    6.2424E-02 -2.9154E-05   6.2453E-02  0.000E+00  0.000E+00  0.000E+00  1.24732E+02  2.994E-01  2.277E+00  2.629E-05 -2.218E+00
   1  181  119     5    24    6.2453E-02 -8.7303E-05   6.2541E-02  0.000E+00  0.000E+00  0.000E+00  1.24731E+02  2.995E-01  2.278E+00  7.889E-05 -2.213E+00
   1  182  119     5    25    6.2541E-02 -8.6923E-05   6.2627E-02  0.000E+00  0.000E+00  0.000E+00  1.24729E+02  2.997E-01  2.279E+00  7.892E-05 -2.203E+00
   1  183  119     5    26    6.2627E-02 -2.8837E-05   6.2656E-02  0.000E+00  0.000E+00  0.000E+00  1.24728E+02  2.998E-01  2.279E+00  2.631E-05 -2.192E+00
   1  183  120     5    27    6.2656E-02 -8.6351E-05   6.2743E-02  0.000E+00  0.000E+00  0.000E+00  1.24727E+02  3.000E-01  2.280E+00  7.896E-05 -2.187E+00
   1  184  120     5    28    6.2743E-02 -8.5963E-05   6.2829E-02  0.000E+00  0.000E+00  0.000E+00  1.24726E+02  3.002E-01  2.281E+00  7.899E-05 -2.177E+00
   1  185  120     5    29    6.2829E-02 -2.8518E-05   6.2857E-02  0.000E+00  0.000E+00  0.000E+00  1.24725E+02  3.003E-01  2.281E+00  2.633E-05 -2.166E+00
   1  185  121     5    30    6.2857E-02 -5.6934E-05   6.2914E-02  0.000E+00  0.000E+00  0.000E+00  1.24724E+02  3.004E-01  2.282E+00  5.268E-05 -2.162E+00
   1  186  121     5    31    6.2914E-02 -1.1330E-04   6.3027E-02  0.000E+00  0.000E+00  0.000E+00  1.24722E+02  3.006E-01  2.282E+00  1.054E-04 -2.150E+00
   1  187  121     5    32    6.3027E-02 -2.8194E-05   6.3056E-02  0.000E+00  0.000E+00  0.000E+00  1.24721E+02  3.007E-01  2.283E+00  2.636E-05 -2.139E+00
   1  187  122     5    33    6.3056E-02 -5.6290E-05   6.3112E-02  0.000E+00  0.000E+00  0.000E+00  1.24720E+02  3.008E-01  2.283E+00  5.272E-05 -2.135E+00
   1  188  122     5    34    6.3112E-02 -8.4010E-05   6.3196E-02  0.000E+00  0.000E+00  0.000E+00  1.24719E+02  3.010E-01  2.284E+00  7.911E-05 -2.124E+00
   1  189  122     5    35    6.3196E-02 -5.5729E-05   6.3252E-02  0.000E+00  0.000E+00  0.000E+00  1.24717E+02  3.012E-01  2.285E+00  5.276E-05 -2.113E+00
   1  189  123     5    36    6.3252E-02 -5.5638E-05   6.3307E-02  0.000E+00  0.000E+00  0.000E+00  1.24717E+02  3.013E-01  2.285E+00  5.277E-05 -2.109E+00
   1  190  123     5    37    6.3307E-02 -8.3027E-05   6.3390E-02  0.000E+00  0.000E+00  0.000E+00  1.24715E+02  3.015E-01  2.286E+00  7.918E-05 -2.097E+00
   1  191  123     5    38    6.3390E-02 -5.5077E-05   6.3445E-02  0.000E+00  0.000E+00  0.000E+00  1.24714E+02  3.016E-01  2.286E+00  5.280E-05 -2.086E+00
   1  191  124     5    39    6.3445E-02 -2.7496E-05   6.3473E-02  0.000E+00  0.000E+00  0.000E+00  1.24713E+02  3.017E-01  2.287E+00  2.640E-05 -2.083E+00
   1  192  124     5    40    6.3473E-02 -1.0937E-04   6.3582E-02  0.000E+00  0.000E+00  0.000E+00  1.24712E+02  3.019E-01  2.287E+00  1.056E-04 -2.070E+00
   1  193  124     5    41    6.3582E-02 -2.7213E-05   6.3609E-02  0.000E+00  0.000E+00  0.000E+00  1.24710E+02  3.020E-01  2.288E+00  2.642E-05 -2.060E+00
   1  193  125     5    42    6.3609E-02 -5.4325E-05   6.3664E-02  0.000E+00  0.000E+00  0.000E+00  1.24709E+02  3.021E-01  2.288E+00  5.285E-05 -2.056E+00
   1  194  125     5    43    6.3664E-02 -8.1038E-05   6.3745E-02  0.000E+00  0.000E+00  0.000E+00  1.24708E+02  3.023E-01  2.289E+00  7.929E-05 -2.044E+00
   1  195  125     5    44    6.3745E-02 -5.3753E-05   6.3799E-02  0.000E+00  0.000E+00  0.000E+00  1.24707E+02  3.024E-01  2.290E+00  5.288E-05 -2.033E+00
   1  195  126     5    45    6.3799E-02 -5.3660E-05   6.3852E-02  0.000E+00  0.000E+00  0.000E+00  1.24706E+02  3.025E-01  2.290E+00  5.289E-05 -2.029E+00
   1  196  126     5    46    6.3852E-02 -8.0035E-05   6.3932E-02  0.000E+00  0.000E+00  0.000E+00  1.24705E+02  3.027E-01  2.291E+00  7.936E-05 -2.017E+00
   1  197  126     5    47    6.3932E-02 -5.3088E-05   6.3985E-02  0.000E+00  0.000E+00  0.000E+00  1.24703E+02  3.028E-01  2.291E+00  5.292E-05 -2.006E+00
   1  197  127     5    48    6.3985E-02 -2.6500E-05   6.4012E-02  0.000E+00  0.000E+00  0.000E+00  1.24702E+02  3.029E-01  2.292E+00  2.646E-05 -2.003E+00
   1  198  127     5    49    6.4012E-02 -1.0535E-04   6.4117E-02  0.000E+00  0.000E+00  0.000E+00  1.24701E+02  3.031E-01  2.292E+00  1.059E-04 -1.990E+00
   1  199  127     5    50    6.4117E-02 -5.2416E-05   6.4170E-02  0.000E+00  0.000E+00  0.000E+00  1.24699E+02  3.033E-01  2.293E+00  5.296E-05 -1.979E+00
   1  199  128     5    51    6.4170E-02 -2.6166E-05   6.4196E-02  0.000E+00  0.000E+00  0.000E+00  1.24699E+02  3.033E-01  2.293E+00  2.649E-05 -1.976E+00
   1  200  128     5    52    6.4196E-02 -7.8008E-05   6.4274E-02  0.000E+00  0.000E+00  0.000E+00  1.24697E+02  3.035E-01  2.294E+00  7.947E-05 -1.963E+00
   1  201  128     5    53    6.4274E-02 -7.7598E-05   6.4351E-02  0.000E+00  0.000E+00  0.000E+00  1.24696E+02  3.036E-01  2.295E+00  7.950E-05 -1.952E+00
   1  201  129     5    54    6.4351E-02 -2.5827E-05   6.4377E-02  0.000E+00  0.000E+00  0.000E+00  1.24695E+02  3.038E-01  2.295E+00  2.651E-05 -1.949E+00
   1  202  129     5    55    6.4377E-02 -7.6985E-05   6.4454E-02  0.000E+00  0.000E+00  0.000E+00  1.24694E+02  3.039E-01  2.295E+00  7.953E-05 -1.936E+00
   1  203  129     5    56    6.4454E-02 -7.6580E-05   6.4531E-02  0.000E+00  0.000E+00  0.000E+00  1.24692E+02  3.040E-01  2.296E+00  7.956E-05 -1.925E+00
   1  203  130     5    57    6.4531E-02 -2.5487E-05   6.4556E-02  0.000E+00  0.000E+00  0.000E+00  1.24691E+02  3.042E-01  2.297E+00  2.653E-05 -1.922E+00
   1  204  130     5    58    6.4556E-02 -1.0128E-04   6.4657E-02  0.000E+00  0.000E+00  0.000E+00  1.24690E+02  3.043E-01  2.297E+00  1.061E-04 -1.909E+00
   1  205  130     5    59    6.4657E-02 -2.5172E-05   6.4683E-02  0.000E+00  0.000E+00  0.000E+00  1.24690E+02  3.045E-01  2.298E+00  2.654E-05 -1.897E+00
   1  205  131     6     1    6.4683E-02 -2.5463E-05   6.4708E-02  0.000E+00  0.000E+00  0.000E+00  1.24680E+02  2.982E-01  2.295E+00  2.666E-05 -1.910E+00
   1  206  131     6     2    6.4708E-02 -7.5900E-05   6.4784E-02  0.000E+00  0.000E+00  0.000E+00  1.24679E+02  2.983E-01  2.296E+00  7.999E-05 -1.898E+00
   1  207  131     6     3    6.4784E-02 -1.0072E-04   6.4885E-02  0.000E+00  0.000E+00  0.000E+00  1.24676E+02  2.985E-01  2.296E+00  1.067E-04 -1.888E+00
   1  208  131     6     4    6.4885E-02 -2.5055E-05   6.4910E-02  0.000E+00  0.000E+00  0.000E+00  1.24674E+02  2.986E-01  2.297E+00  2.668E-05 -1.878E+00
   1  208  132     6     5    6.4910E-02 -5.0022E-05   6.4960E-02  0.000E+00  0.000E+00  0.000E+00  1.24673E+02  2.987E-01  2.297E+00  5.336E-05 -1.875E+00
   1  209  132     6     6    6.4960E-02 -7.4635E-05   6.5034E-02  0.000E+00  0.000E+00  0.000E+00  1.24671E+02  2.988E-01  2.297E+00  8.005E-05 -1.865E+00
   1  210  132     6     7    6.5034E-02 -4.9511E-05   6.5084E-02  0.000E+00  0.000E+00  0.000E+00  1.24668E+02  2.990E-01  2.297E+00  5.338E-05 -1.855E+00
   1  210  133     6     8    6.5084E-02 -2.4719E-05   6.5109E-02  0.000E+00  0.000E+00  0.000E+00  1.24667E+02  2.990E-01  2.298E+00  2.669E-05 -1.852E+00
   1  211  133     6     9    6.5109E-02 -9.8253E-05   6.5207E-02  0.000E+00  0.000E+00  0.000E+00  1.24665E+02  2.992E-01  2.298E+00  1.068E-04 -1.840E+00
   1  212  133     6    10    6.5207E-02 -7.3353E-05   6.5280E-02  0.000E+00  0.000E+00  0.000E+00  1.24663E+02  2.994E-01  2.298E+00  8.011E-05 -1.831E+00
   1  213  133     6    11    6.5280E-02 -2.4309E-05   6.5305E-02  0.000E+00  0.000E+00  0.000E+00  1.24661E+02  2.995E-01  2.299E+00  2.671E-05 -1.821E+00
   1  213  134     6    12    6.5305E-02 -7.2779E-05   6.5377E-02  0.000E+00  0.000E+00  0.000E+00  1.24660E+02  2.996E-01  2.299E+00  8.013E-05 -1.817E+00
   1  214  134     6    13    6.5377E-02 -7.2425E-05   6.5450E-02  0.000E+00  0.000E+00  0.000E+00  1.24657E+02  2.997E-01  2.299E+00  8.014E-05 -1.807E+00
   1  215  134     6    14    6.5450E-02 -4.8017E-05   6.5498E-02  0.000E+00  0.000E+00  0.000E+00  1.24655E+02  2.999E-01  2.300E+00  5.344E-05 -1.797E+00
   1  215  135     6    15    6.5498E-02 -4.7937E-05   6.5546E-02  0.000E+00  0.000E+00  0.000E+00  1.24654E+02  3.000E-01  2.300E+00  5.345E-05 -1.794E+00
   1  216  135     6    16    6.5546E-02 -7.1500E-05   6.5617E-02  0.000E+00  0.000E+00  0.000E+00  1.24652E+02  3.001E-01  2.300E+00  8.018E-05 -1.783E+00
   1  217  135     6    17    6.5617E-02 -4.7425E-05   6.5665E-02  0.000E+00  0.000E+00  0.000E+00  1.24649E+02  3.002E-01  2.301E+00  5.346E-05 -1.774E+00
   1  217  136     6    18    6.5665E-02 -2.3677E-05   6.5688E-02  0.000E+00  0.000E+00  0.000E+00  1.24648E+02  3.003E-01  2.301E+00  2.673E-05 -1.771E+00
   1  218  136     6    19    6.5688E-02 -7.0560E-05   6.5759E-02  0.000E+00  0.000E+00  0.000E+00  1.24646E+02  3.004E-01  2.301E+00  8.021E-05 -1.759E+00
   1  219  136     6    20    6.5759E-02 -9.3595E-05   6.5853E-02  0.000E+00  0.000E+00  0.000E+00  1.24644E+02  3.006E-01  2.301E+00  1.070E-04 -1.750E+00
   1  220  136     6    21    6.5853E-02 -2.3260E-05   6.5876E-02  0.000E+00  0.000E+00  0.000E+00  1.24642E+02  3.007E-01  2.302E+00  2.675E-05 -1.739E+00
   1  220  137     6    22    6.5876E-02 -6.9634E-05   6.5945E-02  0.000E+00  0.000E+00  0.000E+00  1.24641E+02  3.008E-01  2.302E+00  8.026E-05 -1.735E+00
   1  221  137     6    23    6.5945E-02 -6.9269E-05   6.6015E-02  0.000E+00  0.000E+00  0.000E+00  1.24638E+02  3.009E-01  2.302E+00  8.027E-05 -1.726E+00
   1  222  137     6    24    6.6015E-02 -4.5916E-05   6.6061E-02  0.000E+00  0.000E+00  0.000E+00  1.24636E+02  3.011E-01  2.303E+00  5.352E-05 -1.716E+00
   1  222  138     6    25    6.6061E-02 -2.2921E-05   6.6084E-02  0.000E+00  0.000E+00  0.000E+00  1.24635E+02  3.011E-01  2.303E+00  2.676E-05 -1.713E+00
   1  223  138     6    26    6.6084E-02 -9.1094E-05   6.6175E-02  0.000E+00  0.000E+00  0.000E+00  1.24633E+02  3.013E-01  2.303E+00  1.071E-04 -1.702E+00
   1  224  138     6    27    6.6175E-02 -4.5311E-05   6.6220E-02  0.000E+00  0.000E+00  0.000E+00  1.24630E+02  3.014E-01  2.304E+00  5.355E-05 -1.692E+00
   1  224  139     6    28    6.6220E-02 -2.2621E-05   6.6243E-02  0.000E+00  0.000E+00  0.000E+00  1.24629E+02  3.015E-01  2.304E+00  2.678E-05 -1.690E+00
   1  225  139     6    29    6.6243E-02 -6.7383E-05   6.6310E-02  0.000E+00  0.000E+00  0.000E+00  1.24627E+02  3.016E-01  2.304E+00  8.034E-05 -1.677E+00
   1  226  139     6    30    6.6310E-02 -8.9358E-05   6.6399E-02  0.000E+00  0.000E+00  0.000E+00  1.24625E+02  3.017E-01  2.304E+00  1.071E-04 -1.668E+00
   1  227  139     6    31    6.6399E-02 -2.2202E-05   6.6421E-02  0.000E+00  0.000E+00  0.000E+00  1.24623E+02  3.019E-01  2.305E+00  2.679E-05 -1.658E+00
   1  227  140     6    32    6.6421E-02 -6.6465E-05   6.6488E-02  0.000E+00  0.000E+00  0.000E+00  1.24622E+02  3.020E-01  2.305E+00  8.038E-05 -1.654E+00
   1  228  140     6    33    6.6488E-02 -6.6095E-05   6.6554E-02  0.000E+00  0.000E+00  0.000E+00  1.24619E+02  3.021E-01  2.305E+00  8.039E-05 -1.644E+00
   1  229  140     6    34    6.6554E-02 -4.3806E-05   6.6598E-02  0.000E+00  0.000E+00  0.000E+00  1.24617E+02  3.022E-01  2.306E+00  5.360E-05 -1.634E+00
   1  229  141     6    35    6.6598E-02 -2.1866E-05   6.6620E-02  0.000E+00  0.000E+00  0.000E+00  1.24616E+02  3.023E-01  2.306E+00  2.680E-05 -1.632E+00
   1  230  141     6    36    6.6620E-02 -8.6876E-05   6.6707E-02  0.000E+00  0.000E+00  0.000E+00  1.24614E+02  3.024E-01  2.306E+00  1.072E-04 -1.620E+00
   1  231  141     6    37    6.6707E-02 -4.3211E-05   6.6750E-02  0.000E+00  0.000E+00  0.000E+00  1.24611E+02  3.025E-01  2.306E+00  5.363E-05 -1.612E+00
   1  231  142     6    38    6.6750E-02 -2.1571E-05   6.6771E-02  0.000E+00  0.000E+00  0.000E+00  1.24610E+02  3.026E-01  2.307E+00  2.682E-05 -1.609E+00
   1  232  142     6    39    6.6771E-02 -6.4239E-05   6.6836E-02  0.000E+00  0.000E+00  0.000E+00  1.24608E+02  3.027E-01  2.307E+00  8.046E-05 -1.597E+00
   1  233  142     6    40    6.6836E-02 -6.3864E-05   6.6899E-02  0.000E+00  0.000E+00  0.000E+00  1.24606E+02  3.028E-01  2.307E+00  8.047E-05 -1.587E+00
   1  234  142     7     1    6.6899E-02 -1.9647E-05   6.6919E-02  0.000E+00  0.000E+00  0.000E+00  1.24511E+02  2.110E-01  1.942E+00  2.229E-05 -1.763E+00
   1  234  143     7     2    6.6919E-02 -5.9015E-05   6.6978E-02  0.000E+00  0.000E+00  0.000E+00  1.24507E+02  2.111E-01  1.942E+00  6.689E-05 -1.765E+00
   1  235  143     7     3    6.6978E-02 -5.9065E-05   6.7037E-02  0.000E+00  0.000E+00  0.000E+00  1.24499E+02  2.112E-01  1.942E+00  6.690E-05 -1.766E+00
   1  236  143     7     4    6.7037E-02 -3.9339E-05   6.7077E-02  0.000E+00  0.000E+00  0.000E+00  1.24493E+02  2.113E-01  1.942E+00  4.461E-05 -1.764E+00
   1  236  144     7     5    6.7077E-02 -3.9401E-05   6.7116E-02  0.000E+00  0.000E+00  0.000E+00  1.24489E+02  2.113E-01  1.943E+00  4.461E-05 -1.766E+00
   1  237  144     7     6    6.7116E-02 -5.9047E-05   6.7175E-02  0.000E+00  0.000E+00  0.000E+00  1.24483E+02  2.114E-01  1.943E+00  6.693E-05 -1.765E+00
   1  238  144     7     7    6.7175E-02 -5.9075E-05   6.7234E-02  0.000E+00  0.000E+00  0.000E+00  1.24475E+02  2.115E-01  1.943E+00  6.694E-05 -1.765E+00
   1  238  145     7     8    6.7234E-02 -1.9729E-05   6.7254E-02  0.000E+00  0.000E+00  0.000E+00  1.24471E+02  2.116E-01  1.943E+00  2.232E-05 -1.768E+00
   1  239  145     7     9    6.7254E-02 -7.8698E-05   6.7332E-02  0.000E+00  0.000E+00  0.000E+00  1.24466E+02  2.116E-01  1.944E+00  8.927E-05 -1.763E+00
   1  240  145     7    10    6.7332E-02 -5.9120E-05   6.7392E-02  0.000E+00  0.000E+00  0.000E+00  1.24458E+02  2.117E-01  1.944E+00  6.697E-05 -1.766E+00
   1  241  145     7    11    6.7392E-02 -1.9660E-05   6.7411E-02  0.000E+00  0.000E+00  0.000E+00  1.24453E+02  2.118E-01  1.944E+00  2.233E-05 -1.761E+00
   1  241  146     7    12    6.7411E-02 -5.9057E-05   6.7470E-02  0.000E+00  0.000E+00  0.000E+00  1.24449E+02  2.119E-01  1.944E+00  6.698E-05 -1.763E+00
   1  242  146     7    13    6.7470E-02 -5.9110E-05   6.7529E-02  0.000E+00  0.000E+00  0.000E+00  1.24441E+02  2.119E-01  1.945E+00  6.700E-05 -1.765E+00
   1  243  146     7    14    6.7529E-02 -3.9370E-05   6.7569E-02  0.000E+00  0.000E+00  0.000E+00  1.24435E+02  2.120E-01  1.945E+00  4.467E-05 -1.763E+00
   1  243  147     7    15    6.7569E-02 -3.9435E-05   6.7608E-02  0.000E+00  0.000E+00  0.000E+00  1.24431E+02  2.121E-01  1.945E+00  4.468E-05 -1.765E+00
   1  244  147     7    16    6.7608E-02 -5.9103E-05   6.7667E-02  0.000E+00  0.000E+00  0.000E+00  1.24424E+02  2.122E-01  1.945E+00  6.702E-05 -1.764E+00
   1  245  147     7    17    6.7667E-02 -3.9427E-05   6.7707E-02  0.000E+00  0.000E+00  0.000E+00  1.24417E+02  2.122E-01  1.946E+00  4.469E-05 -1.765E+00
   1  245  148     7    18    6.7707E-02 -1.9749E-05   6.7727E-02  0.000E+00  0.000E+00  0.000E+00  1.24413E+02  2.123E-01  1.946E+00  2.235E-05 -1.768E+00
   1  246  148     7    19    6.7727E-02 -5.9088E-05   6.7786E-02  0.000E+00  0.000E+00  0.000E+00  1.24407E+02  2.123E-01  1.946E+00  6.705E-05 -1.763E+00
   1  247  148     7    20    6.7786E-02 -7.8891E-05   6.7865E-02  0.000E+00  0.000E+00  0.000E+00  1.24399E+02  2.124E-01  1.946E+00  8.941E-05 -1.765E+00
   1  248  148     7    21    6.7865E-02 -1.9677E-05   6.7884E-02  0.000E+00  0.000E+00  0.000E+00  1.24394E+02  2.125E-01  1.947E+00  2.236E-05 -1.760E+00
   1  248  149     7    22    6.7884E-02 -5.9115E-05   6.7943E-02  0.000E+00  0.000E+00  0.000E+00  1.24390E+02  2.126E-01  1.947E+00  6.708E-05 -1.763E+00
   1  249  149     7    23    6.7943E-02 -5.9170E-05   6.8002E-02  0.000E+00  0.000E+00  0.000E+00  1.24382E+02  2.127E-01  1.947E+00  6.709E-05 -1.764E+00
   1  250  149     7    24    6.8002E-02 -3.9411E-05   6.8042E-02  0.000E+00  0.000E+00  0.000E+00  1.24376E+02  2.127E-01  1.947E+00  4.473E-05 -1.762E+00
   1  250  150     7    25    6.8042E-02 -1.9741E-05   6.8062E-02  0.000E+00  0.000E+00  0.000E+00  1.24372E+02  2.128E-01  1.947E+00  2.237E-05 -1.765E+00
   1  251  150     7    26    6.8062E-02 -7.8880E-05   6.8141E-02  0.000E+00  0.000E+00  0.000E+00  1.24366E+02  2.129E-01  1.948E+00  8.948E-05 -1.763E+00
   1  252  150     7    27    6.8141E-02 -3.9471E-05   6.8180E-02  0.000E+00  0.000E+00  0.000E+00  1.24358E+02  2.129E-01  1.948E+00  4.475E-05 -1.764E+00
   1  252  151     7    28    6.8180E-02 -1.9773E-05   6.8200E-02  0.000E+00  0.000E+00  0.000E+00  1.24354E+02  2.130E-01  1.948E+00  2.238E-05 -1.767E+00
   1  253  151     7    29    6.8200E-02 -5.9166E-05   6.8259E-02  0.000E+00  0.000E+00  0.000E+00  1.24349E+02  2.131E-01  1.948E+00  6.714E-05 -1.763E+00
   1  254  151     7    30    6.8259E-02 -5.9257E-05   6.8318E-02  0.000E+00  0.000E+00  0.000E+00  1.24341E+02  2.131E-01  1.949E+00  6.715E-05 -1.765E+00
   1  255  151     7    31    6.8318E-02 -1.9705E-05   6.8338E-02  0.000E+00  0.000E+00  0.000E+00  1.24336E+02  2.132E-01  1.949E+00  2.239E-05 -1.761E+00
   1  255  152     7    32    6.8338E-02 -5.9200E-05   6.8397E-02  0.000E+00  0.000E+00  0.000E+00  1.24332E+02  2.133E-01  1.949E+00  6.717E-05 -1.763E+00
   1  256  152     7    33    6.8397E-02 -5.9258E-05   6.8456E-02  0.000E+00  0.000E+00  0.000E+00  1.24324E+02  2.133E-01  1.949E+00  6.718E-05 -1.764E+00
   1  257  152     7    34    6.8456E-02 -1.9737E-05   6.8476E-02  0.000E+00  0.000E+00  0.000E+00  1.24318E+02  2.134E-01  1.950E+00  2.239E-05 -1.763E+00
   1  257  153     7    35    6.8476E-02 -3.9537E-05   6.8516E-02  0.000E+00  0.000E+00  0.000E+00  1.24314E+02  2.135E-01  1.950E+00  4.479E-05 -1.765E+00
   1  258  153     7    36    6.8516E-02 -7.9005E-05   6.8595E-02  0.000E+00  0.000E+00  0.000E+00  1.24307E+02  2.135E-01  1.950E+00  8.960E-05 -1.763E+00
   1  259  153     7    37    6.8595E-02 -3.9537E-05   6.8634E-02  0.000E+00  0.000E+00  0.000E+00  1.24300E+02  2.136E-01  1.950E+00  4.481E-05 -1.765E+00
   1  259  154     7    38    6.8634E-02 -1.9807E-05   6.8654E-02  0.000E+00  0.000E+00  0.000E+00  1.24296E+02  2.137E-01  1.950E+00  2.241E-05 -1.768E+00
   1  260  154     7    39    6.8654E-02 -5.9276E-05   6.8713E-02  0.000E+00  0.000E+00  0.000E+00  1.24291E+02  2.137E-01  1.951E+00  6.723E-05 -1.763E+00
   1  261  154     7    40    6.8713E-02 -5.9374E-05   6.8773E-02  0.000E+00  0.000E+00  0.000E+00  1.24282E+02  2.138E-01  1.951E+00  6.724E-05 -1.766E+00
   1  262  154     7    41    6.8773E-02 -1.9747E-05   6.8792E-02  0.000E+00  0.000E+00  0.000E+00  1.24277E+02  2.139E-01  1.951E+00  2.242E-05 -1.762E+00
   1  262  155     7    42    6.8792E-02 -5.9331E-05   6.8852E-02  0.000E+00  0.000E+00  0.000E+00  1.24273E+02  2.139E-01  1.951E+00  6.725E-05 -1.764E+00
   1  263  155     7    43    6.8852E-02 -5.9400E-05   6.8911E-02  0.000E+00  0.000E+00  0.000E+00  1.24265E+02  2.140E-01  1.952E+00  6.727E-05 -1.766E+00
   1  264  155     7    44    6.8911E-02 -1.9789E-05   6.8931E-02  0.000E+00  0.000E+00  0.000E+00  1.24259E+02  2.141E-01  1.952E+00  2.242E-05 -1.765E+00
   1  264  156     7    45    6.8931E-02 -3.9648E-05   6.8971E-02  0.000E+00  0.000E+00  0.000E+00  1.24255E+02  2.141E-01  1.952E+00  4.485E-05 -1.768E+00
   1  265  156     7    46    6.8971E-02 -5.9441E-05   6.9030E-02  0.000E+00  0.000E+00  0.000E+00  1.24249E+02  2.142E-01  1.952E+00  6.729E-05 -1.767E+00
   1  266  156     7    47    6.9030E-02 -5.9498E-05   6.9089E-02  0.000E+00  0.000E+00  0.000E+00  1.24241E+02  2.143E-01  1.953E+00  6.730E-05 -1.768E+00
   1  266  157     7    48    6.9089E-02 -1.9879E-05   6.9109E-02  0.000E+00  0.000E+00  0.000E+00  1.24237E+02  2.144E-01  1.953E+00  2.244E-05 -1.772E+00
   1  267  157     7    49    6.9109E-02 -1.9759E-05   6.9129E-02  0.000E+00  0.000E+00  0.000E+00  1.24236E+02  2.144E-01  1.953E+00  2.244E-05 -1.761E+00
