


 STREAM LISTING     PERIOD      1   STEP        1

 LAYER ROW COL. STREAM  RCH.  FLOW INTO     FLOW TO   FLOW OUT OF   OVRLND.     DIRECT     STREAM       STREAM     STREAM     STREAM   STREAMBED  STREAMBED
                SEG.NO.  NO.  STRM. RCH.    AQUIFER    STRM. RCH.    RUNOFF     PRECIP       ET          HEAD       DEPTH      WIDTH   CONDCTNC.   GRADIENT

   1   46   51     1     1    0.0000E+00 -1.0802E-02   1.0802E-02  0.000E+00  0.000E+00  0.000E+00  1.24855E+02  1.706E-02  7.820E+00  3.128E-02 -6.906E-01
   1   47   51     1     2    1.0802E-02 -1.3956E-02   2.4758E-02  0.000E+00  0.000E+00  0.000E+00  1.24870E+02  3.487E-02  7.820E+00  4.692E-02 -5.949E-01
   1   48   51     1     3    2.4758E-02 -4.4672E-03   2.9225E-02  0.000E+00  0.000E+00  0.000E+00  1.24877E+02  4.480E-02  7.820E+00  1.564E-02 -5.713E-01
   1   48   52     1     4    2.9225E-02 -1.5873E-02   4.5098E-02  0.000E+00  0.000E+00  0.000E+00  1.24884E+02  5.427E-02  7.820E+00  6.256E-02 -5.075E-01
   1   49   52     1     5    4.5098E-02 -1.1427E-02   5.6526E-02  0.000E+00  0.000E+00  0.000E+00  1.24890E+02  6.548E-02  7.820E+00  4.692E-02 -4.871E-01
   1   49   53     1     6    5.6526E-02 -3.9248E-03   6.0450E-02  0.000E+00  0.000E+00  0.000E+00  1.24893E+02  7.125E-02  7.820E+00  1.564E-02 -5.019E-01
   1   50   53     1     7    6.0450E-02 -1.4516E-02   7.4966E-02  0.000E+00  0.000E+00  0.000E+00  1.24896E+02  7.779E-02  7.820E+00  6.256E-02 -4.641E-01
   1   51   53     1     8    7.4966E-02 -7.6540E-03   8.2620E-02  0.000E+00  0.000E+00  0.000E+00  1.24899E+02  8.520E-02  7.820E+00  3.128E-02 -4.894E-01
   1   51   54     1     9    8.2620E-02 -4.0165E-03   8.6637E-02  0.000E+00  0.000E+00  0.000E+00  1.24900E+02  8.893E-02  7.820E+00  1.564E-02 -5.136E-01
   1   52   54     2     1    8.6637E-02 -1.6846E-03   8.8321E-02  0.000E+00  0.000E+00  0.000E+00  1.24898E+02  9.105E-02  7.772E+00  6.218E-03 -5.419E-01
   1   53   54     2     2    8.8321E-02 -4.3903E-04   8.8760E-02  0.000E+00  0.000E+00  0.000E+00  1.24895E+02  9.214E-02  7.712E+00  1.542E-03 -5.693E-01
   1   53   55     2     3    8.8760E-02 -8.8828E-04   8.9649E-02  0.000E+00  0.000E+00  0.000E+00  1.24893E+02  9.281E-02  7.676E+00  3.070E-03 -5.786E-01
   1   54   55     2     4    8.9649E-02 -1.3472E-03   9.0996E-02  0.000E+00  0.000E+00  0.000E+00  1.24890E+02  9.395E-02  7.616E+00  4.569E-03 -5.897E-01
   1   55   55     2     5    9.0996E-02 -4.5479E-04   9.1451E-02  0.000E+00  0.000E+00  0.000E+00  1.24887E+02  9.487E-02  7.568E+00  1.514E-03 -6.010E-01
   1   55   56     2     6    9.1451E-02 -1.3590E-03   9.2810E-02  0.000E+00  0.000E+00  0.000E+00  1.24885E+02  9.580E-02  7.520E+00  4.512E-03 -6.024E-01
   1   56   56     2     7    9.2810E-02 -1.3597E-03   9.4169E-02  0.000E+00  0.000E+00  0.000E+00  1.24882E+02  9.721E-02  7.448E+00  4.469E-03 -6.086E-01
   1   57   56     2     8    9.4169E-02 -4.5436E-04   9.4624E-02  0.000E+00  0.000E+00  0.000E+00  1.24880E+02  9.815E-02  7.400E+00  1.480E-03 -6.140E-01
   1   57   57     2     9    9.4624E-02 -1.7948E-03   9.6418E-02  0.000E+00  0.000E+00  0.000E+00  1.24878E+02  9.934E-02  7.339E+00  5.872E-03 -6.114E-01
   1   58   57     2    10    9.6418E-02 -1.3411E-03   9.7760E-02  0.000E+00  0.000E+00  0.000E+00  1.24875E+02  1.010E-01  7.255E+00  4.353E-03 -6.162E-01
   1   58   58     2    11    9.7760E-02 -4.4804E-04   9.8208E-02  0.000E+00  0.000E+00  0.000E+00  1.24873E+02  1.020E-01  7.207E+00  1.441E-03 -6.216E-01
   1   59   58     2    12    9.8208E-02 -1.7657E-03   9.9973E-02  0.000E+00  0.000E+00  0.000E+00  1.24871E+02  1.032E-01  7.147E+00  5.718E-03 -6.176E-01
   1   60   58     2    13    9.9973E-02 -8.8045E-04   1.0085E-01  0.000E+00  0.000E+00  0.000E+00  1.24868E+02  1.046E-01  7.075E+00  2.830E-03 -6.222E-01
   1   60   59     2    14    1.0085E-01 -4.4051E-04   1.0129E-01  0.000E+00  0.000E+00  0.000E+00  1.24866E+02  1.054E-01  7.039E+00  1.408E-03 -6.258E-01
   1   61   59     2    15    1.0129E-01 -1.3068E-03   1.0260E-01  0.000E+00  0.000E+00  0.000E+00  1.24863E+02  1.064E-01  6.991E+00  4.195E-03 -6.231E-01
   1   62   59     2    16    1.0260E-01 -8.6533E-04   1.0347E-01  0.000E+00  0.000E+00  0.000E+00  1.24860E+02  1.076E-01  6.931E+00  2.772E-03 -6.243E-01
   1   62   60     2    17    1.0347E-01 -8.6007E-04   1.0433E-01  0.000E+00  0.000E+00  0.000E+00  1.24858E+02  1.086E-01  6.883E+00  2.753E-03 -6.248E-01
   1   63   60     2    18    1.0433E-01 -1.2753E-03   1.0560E-01  0.000E+00  0.000E+00  0.000E+00  1.24855E+02  1.098E-01  6.823E+00  4.094E-03 -6.231E-01
   1   64   60     2    19    1.0560E-01 -4.2277E-04   1.0602E-01  0.000E+00  0.000E+00  0.000E+00  1.24853E+02  1.108E-01  6.775E+00  1.355E-03 -6.240E-01
   1   64   61     2    20    1.0602E-01 -1.2542E-03   1.0728E-01  0.000E+00  0.000E+00  0.000E+00  1.24851E+02  1.118E-01  6.727E+00  4.036E-03 -6.215E-01
   1   65   61     2    21    1.0728E-01 -1.2392E-03   1.0852E-01  0.000E+00  0.000E+00  0.000E+00  1.24847E+02  1.133E-01  6.655E+00  3.993E-03 -6.207E-01
   1   66   61     2    22    1.0852E-01 -4.0983E-04   1.0893E-01  0.000E+00  0.000E+00  0.000E+00  1.24845E+02  1.144E-01  6.607E+00  1.321E-03 -6.203E-01
   1   66   62     2    23    1.0893E-01 -1.6124E-03   1.1054E-01  0.000E+00  0.000E+00  0.000E+00  1.24844E+02  1.156E-01  6.547E+00  5.237E-03 -6.158E-01
   1   67   62     2    24    1.1054E-01 -1.1949E-03   1.1174E-01  0.000E+00  0.000E+00  0.000E+00  1.24841E+02  1.174E-01  6.462E+00  3.877E-03 -6.163E-01
   1   67   63     2    25    1.1174E-01 -3.9738E-04   1.1213E-01  0.000E+00  0.000E+00  0.000E+00  1.24839E+02  1.185E-01  6.414E+00  1.283E-03 -6.195E-01
   1   68   63     2    26    1.1213E-01 -1.1726E-03   1.1331E-01  0.000E+00  0.000E+00  0.000E+00  1.24837E+02  1.195E-01  6.366E+00  3.820E-03 -6.140E-01
   1   69   63     2    27    1.1331E-01 -1.1582E-03   1.1446E-01  0.000E+00  0.000E+00  0.000E+00  1.24834E+02  1.210E-01  6.294E+00  3.777E-03 -6.134E-01
   1   69   64     2    28    1.1446E-01 -3.8461E-04   1.1485E-01  0.000E+00  0.000E+00  0.000E+00  1.24832E+02  1.221E-01  6.246E+00  1.249E-03 -6.158E-01
   1   70   64     2    29    1.1485E-01 -1.1367E-03   1.1598E-01  0.000E+00  0.000E+00  0.000E+00  1.24829E+02  1.232E-01  6.198E+00  3.719E-03 -6.113E-01
   1   71   64     2    30    1.1598E-01 -7.4983E-04   1.1673E-01  0.000E+00  0.000E+00  0.000E+00  1.24826E+02  1.245E-01  6.138E+00  2.455E-03 -6.108E-01
   1   71   65     2    31    1.1673E-01 -7.4369E-04   1.1748E-01  0.000E+00  0.000E+00  0.000E+00  1.24825E+02  1.256E-01  6.090E+00  2.436E-03 -6.106E-01
   1   72   65     2    32    1.1748E-01 -1.0992E-03   1.1858E-01  0.000E+00  0.000E+00  0.000E+00  1.24822E+02  1.269E-01  6.030E+00  3.618E-03 -6.077E-01
   1   73   65     2    33    1.1858E-01 -3.6333E-04   1.1894E-01  0.000E+00  0.000E+00  0.000E+00  1.24819E+02  1.280E-01  5.982E+00  1.196E-03 -6.074E-01
   1   73   66     2    34    1.1894E-01 -1.0766E-03   1.2002E-01  0.000E+00  0.000E+00  0.000E+00  1.24817E+02  1.291E-01  5.934E+00  3.560E-03 -6.048E-01
   1   74   66     2    35    1.2002E-01 -1.0608E-03   1.2108E-01  0.000E+00  0.000E+00  0.000E+00  1.24814E+02  1.307E-01  5.862E+00  3.517E-03 -6.032E-01
   1   75   66     2    36    1.2108E-01 -3.4998E-04   1.2143E-01  0.000E+00  0.000E+00  0.000E+00  1.24812E+02  1.318E-01  5.814E+00  1.163E-03 -6.020E-01
   1   75   67     2    37    1.2143E-01 -1.0362E-03   1.2246E-01  0.000E+00  0.000E+00  0.000E+00  1.24811E+02  1.329E-01  5.766E+00  3.459E-03 -5.991E-01
   1   76   67     2    38    1.2246E-01 -1.0218E-03   1.2349E-01  0.000E+00  0.000E+00  0.000E+00  1.24807E+02  1.346E-01  5.694E+00  3.416E-03 -5.982E-01
   1   76   68     2    39    1.2349E-01 -3.3888E-04   1.2382E-01  0.000E+00  0.000E+00  0.000E+00  1.24806E+02  1.358E-01  5.645E+00  1.129E-03 -6.003E-01
   1   77   68     2    40    1.2382E-01 -9.9774E-04   1.2482E-01  0.000E+00  0.000E+00  0.000E+00  1.24804E+02  1.369E-01  5.597E+00  3.358E-03 -5.942E-01
   1   78   68     2    41    1.2482E-01 -9.8284E-04   1.2581E-01  0.000E+00  0.000E+00  0.000E+00  1.24801E+02  1.386E-01  5.525E+00  3.315E-03 -5.929E-01
   1   78   69     2    42    1.2581E-01 -3.2565E-04   1.2613E-01  0.000E+00  0.000E+00  0.000E+00  1.24799E+02  1.398E-01  5.477E+00  1.095E-03 -5.945E-01
   1   79   69     2    43    1.2613E-01 -9.6082E-04   1.2709E-01  0.000E+00  0.000E+00  0.000E+00  1.24796E+02  1.410E-01  5.429E+00  3.258E-03 -5.899E-01
   1   80   69     2    44    1.2709E-01 -6.3237E-04   1.2772E-01  0.000E+00  0.000E+00  0.000E+00  1.24794E+02  1.424E-01  5.369E+00  2.148E-03 -5.889E-01
   1   80   70     2    45    1.2772E-01 -6.2625E-04   1.2835E-01  0.000E+00  0.000E+00  0.000E+00  1.24792E+02  1.436E-01  5.321E+00  2.128E-03 -5.885E-01
   1   81   70     2    46    1.2835E-01 -9.2380E-04   1.2927E-01  0.000E+00  0.000E+00  0.000E+00  1.24789E+02  1.451E-01  5.261E+00  3.157E-03 -5.853E-01
   1   82   70     2    47    1.2927E-01 -3.0478E-04   1.2958E-01  0.000E+00  0.000E+00  0.000E+00  1.24787E+02  1.464E-01  5.213E+00  1.043E-03 -5.846E-01
   1   82   71     2    48    1.2958E-01 -6.0413E-04   1.3018E-01  0.000E+00  0.000E+00  0.000E+00  1.24785E+02  1.473E-01  5.177E+00  2.071E-03 -5.835E-01
   1   83   71     2    49    1.3018E-01 -1.1840E-03   1.3137E-01  0.000E+00  0.000E+00  0.000E+00  1.24782E+02  1.491E-01  5.105E+00  4.084E-03 -5.798E-01
   1   84   71     2    50    1.3137E-01 -2.9168E-04   1.3166E-01  0.000E+00  0.000E+00  0.000E+00  1.24781E+02  1.507E-01  5.045E+00  1.009E-03 -5.782E-01
   1   84   72     2    51    1.3166E-01 -8.6308E-04   1.3252E-01  0.000E+00  0.000E+00  0.000E+00  1.24779E+02  1.520E-01  4.997E+00  2.998E-03 -5.758E-01
   1   85   72     2    52    1.3252E-01 -8.4933E-04   1.3337E-01  0.000E+00  0.000E+00  0.000E+00  1.24776E+02  1.539E-01  4.925E+00  2.955E-03 -5.749E-01
   1   85   73     2    53    1.3337E-01 -2.8112E-04   1.3365E-01  0.000E+00  0.000E+00  0.000E+00  1.24774E+02  1.552E-01  4.877E+00  9.753E-04 -5.765E-01
   1   86   73     2    54    1.3365E-01 -8.2693E-04   1.3448E-01  0.000E+00  0.000E+00  0.000E+00  1.24773E+02  1.565E-01  4.829E+00  2.897E-03 -5.709E-01
   1   87   73     2    55    1.3448E-01 -8.1315E-04   1.3529E-01  0.000E+00  0.000E+00  0.000E+00  1.24770E+02  1.585E-01  4.756E+00  2.854E-03 -5.699E-01
   1   87   74     2    56    1.3529E-01 -2.6894E-04   1.3556E-01  0.000E+00  0.000E+00  0.000E+00  1.24768E+02  1.599E-01  4.708E+00  9.417E-04 -5.712E-01
   1   88   74     2    57    1.3556E-01 -7.9312E-04   1.3635E-01  0.000E+00  0.000E+00  0.000E+00  1.24766E+02  1.612E-01  4.660E+00  2.796E-03 -5.673E-01
   1   89   74     2    58    1.3635E-01 -5.2143E-04   1.3688E-01  0.000E+00  0.000E+00  0.000E+00  1.24764E+02  1.630E-01  4.600E+00  1.840E-03 -5.667E-01
   1   89   75     2    59    1.3688E-01 -2.5915E-04   1.3714E-01  0.000E+00  0.000E+00  0.000E+00  1.24762E+02  1.640E-01  4.564E+00  9.128E-04 -5.678E-01
   1   90   75     2    60    1.3714E-01 -1.0163E-03   1.3815E-01  0.000E+00  0.000E+00  0.000E+00  1.24759E+02  1.658E-01  4.504E+00  3.603E-03 -5.641E-01
   1   91   75     2    61    1.3815E-01 -2.5075E-04   1.3840E-01  0.000E+00  0.000E+00  0.000E+00  1.24758E+02  1.676E-01  4.444E+00  8.888E-04 -5.642E-01
   1   91   76     2    62    1.3840E-01 -4.9771E-04   1.3890E-01  0.000E+00  0.000E+00  0.000E+00  1.24756E+02  1.687E-01  4.408E+00  1.763E-03 -5.645E-01
   1   92   76     2    63    1.3890E-01 -2.4543E-04   1.3915E-01  0.000E+00  0.000E+00  0.000E+00  1.24755E+02  1.698E-01  4.372E+00  8.744E-04 -5.614E-01
   1   93   76     3     1    1.3915E-01 -3.4156E-05   1.3918E-01  0.000E+00  0.000E+00  0.000E+00  1.24989E+02  4.048E-01  3.736E+00  7.811E-04 -8.745E-02
   1   93   77     3     2    1.3918E-01 -6.6015E-05   1.3925E-01  0.000E+00  0.000E+00  0.000E+00  1.24989E+02  4.049E-01  3.737E+00  1.562E-03 -8.451E-02
   1   94   77     3     3    1.3925E-01 -1.2218E-04   1.3937E-01  0.000E+00  0.000E+00  0.000E+00  1.24989E+02  4.050E-01  3.737E+00  3.125E-03 -7.819E-02
   1   95   77     3     4    1.3937E-01 -2.8075E-05   1.3940E-01  0.000E+00  0.000E+00  0.000E+00  1.24989E+02  4.051E-01  3.738E+00  7.814E-04 -7.186E-02
   1   95   78     3     5    1.3940E-01 -8.0087E-05   1.3948E-01  0.000E+00  0.000E+00  0.000E+00  1.24989E+02  4.052E-01  3.738E+00  2.344E-03 -6.832E-02
   1   96   78     3     6    1.3948E-01 -7.2096E-05   1.3955E-01  0.000E+00  0.000E+00  0.000E+00  1.24989E+02  4.053E-01  3.739E+00  2.345E-03 -6.149E-02
   1   96   79     3     7    1.3955E-01 -2.2750E-05   1.3957E-01  0.000E+00  0.000E+00  0.000E+00  1.24989E+02  4.054E-01  3.739E+00  7.817E-04 -5.821E-02
   1   97   79     3     8    1.3957E-01 -5.9572E-05   1.3963E-01  0.000E+00  0.000E+00  0.000E+00  1.24989E+02  4.055E-01  3.739E+00  2.345E-03 -5.080E-02
   1   98   79     3     9    1.3963E-01 -3.4074E-05   1.3966E-01  0.000E+00  0.000E+00  0.000E+00  1.24988E+02  4.055E-01  3.740E+00  1.564E-03 -4.358E-02
   1   98   80     3    10    1.3966E-01 -3.1214E-05   1.3970E-01  0.000E+00  0.000E+00  0.000E+00  1.24988E+02  4.056E-01  3.740E+00  1.564E-03 -3.992E-02
   1   99   80     3    11    1.3970E-01 -3.7924E-05   1.3973E-01  0.000E+00  0.000E+00  0.000E+00  1.24988E+02  4.056E-01  3.740E+00  2.346E-03 -3.234E-02
   1  100   80     3    12    1.3973E-01 -9.6843E-06   1.3974E-01  0.000E+00  0.000E+00  0.000E+00  1.24988E+02  4.057E-01  3.740E+00  7.819E-04 -2.477E-02
   1  100   81     3    13    1.3974E-01 -1.6380E-05   1.3976E-01  0.000E+00  0.000E+00  0.000E+00  1.24988E+02  4.057E-01  3.740E+00  1.564E-03 -2.095E-02
   1  101   81     3    14    1.3976E-01 -2.0602E-05   1.3978E-01  0.000E+00  0.000E+00  0.000E+00  1.24988E+02  4.057E-01  3.740E+00  3.128E-03 -1.317E-02
   1  102   81     3    15    1.3978E-01 -2.0591E-06   1.3978E-01  0.000E+00  0.000E+00  0.000E+00  1.24987E+02  4.057E-01  3.740E+00  7.820E-04 -5.266E-03
   1  102   82     3    16    1.3978E-01 -1.5823E-06   1.3978E-01  0.000E+00  0.000E+00  0.000E+00  1.24987E+02  4.057E-01  3.740E+00  2.346E-03 -1.349E-03
   1  103   82     3    17    1.3978E-01  1.0157E-05   1.3977E-01  0.000E+00  0.000E+00  0.000E+00  1.24987E+02  4.057E-01  3.740E+00  3.128E-03  6.494E-03
   1  103   83     3    18    1.3977E-01  4.1021E-06   1.3977E-01  0.000E+00  0.000E+00  0.000E+00  1.24987E+02  4.057E-01  3.740E+00  7.820E-04  1.049E-02
   1  104   83     3    19    1.3977E-01  2.1886E-05   1.3975E-01  0.000E+00  0.000E+00  0.000E+00  1.24987E+02  4.057E-01  3.740E+00  2.346E-03  1.866E-02
   1  105   83     3    20    1.3975E-01  3.1292E-05   1.3972E-01  0.000E+00  0.000E+00  0.000E+00  1.24986E+02  4.057E-01  3.740E+00  2.346E-03  2.668E-02
   1  105   84     3    21    1.3972E-01  1.2038E-05   1.3970E-01  0.000E+00  0.000E+00  0.000E+00  1.24986E+02  4.056E-01  3.740E+00  7.819E-04  3.079E-02
   1  106   84     3    22    1.3970E-01  4.5737E-05   1.3966E-01  0.000E+00  0.000E+00  0.000E+00  1.24986E+02  4.056E-01  3.740E+00  2.346E-03  3.900E-02
   1  107   84     3    23    1.3966E-01  3.6973E-05   1.3962E-01  0.000E+00  0.000E+00  0.000E+00  1.24986E+02  4.055E-01  3.740E+00  1.564E-03  4.729E-02
   1  107   85     3    24    1.3962E-01  2.0116E-05   1.3960E-01  0.000E+00  0.000E+00  0.000E+00  1.24985E+02  4.055E-01  3.739E+00  7.817E-04  5.146E-02
   1  108   85     3    25    1.3960E-01  9.3150E-05   1.3951E-01  0.000E+00  0.000E+00  0.000E+00  1.24985E+02  4.054E-01  3.739E+00  3.127E-03  5.958E-02
   1  109   85     3    26    1.3951E-01  2.6654E-05   1.3948E-01  0.000E+00  0.000E+00  0.000E+00  1.24985E+02  4.053E-01  3.739E+00  7.816E-04  6.820E-02
   1  109   86     3    27    1.3948E-01  5.6498E-05   1.3943E-01  0.000E+00  0.000E+00  0.000E+00  1.24984E+02  4.052E-01  3.738E+00  1.563E-03  7.229E-02
   1  110   86     3    28    1.3943E-01  1.2565E-04   1.3930E-01  0.000E+00  0.000E+00  0.000E+00  1.24984E+02  4.051E-01  3.738E+00  3.126E-03  8.040E-02
   1  111   86     3    29    1.3930E-01  3.4882E-05   1.3926E-01  0.000E+00  0.000E+00  0.000E+00  1.24984E+02  4.050E-01  3.737E+00  7.813E-04  8.929E-02
   1  111   87     3    30    1.3926E-01  1.0929E-04   1.3916E-01  0.000E+00  0.000E+00  0.000E+00  1.24983E+02  4.049E-01  3.737E+00  2.344E-03  9.327E-02
   1  112   87     3    31    1.3916E-01  1.1910E-04   1.3904E-01  0.000E+00  0.000E+00  0.000E+00  1.24983E+02  4.047E-01  3.736E+00  2.343E-03  1.017E-01
   1  112   88     3    32    1.3904E-01  4.1463E-05   1.3899E-01  0.000E+00  0.000E+00  0.000E+00  1.24983E+02  4.046E-01  3.736E+00  7.809E-04  1.062E-01
   1  113   88     3    33    1.3899E-01  1.3432E-04   1.3886E-01  0.000E+00  0.000E+00  0.000E+00  1.24982E+02  4.044E-01  3.735E+00  2.342E-03  1.147E-01
   1  114   88     3    34    1.3886E-01  9.6337E-05   1.3876E-01  0.000E+00  0.000E+00  0.000E+00  1.24982E+02  4.043E-01  3.734E+00  1.561E-03  1.234E-01
   1  114   89     3    35    1.3876E-01  9.9683E-05   1.3866E-01  0.000E+00  0.000E+00  0.000E+00  1.24982E+02  4.041E-01  3.734E+00  1.561E-03  1.277E-01
   1  115   89     3    36    1.3866E-01  1.5949E-04   1.3851E-01  0.000E+00  0.000E+00  0.000E+00  1.24981E+02  4.039E-01  3.733E+00  2.341E-03  1.363E-01
   1  116   89     3    37    1.3851E-01  1.1327E-04   1.3839E-01  0.000E+00  0.000E+00  0.000E+00  1.24981E+02  4.037E-01  3.732E+00  1.560E-03  1.452E-01
   1  116   90     3    38    1.3839E-01  5.8402E-05   1.3833E-01  0.000E+00  0.000E+00  0.000E+00  1.24981E+02  4.036E-01  3.731E+00  7.800E-04  1.498E-01
   1  117   90     3    39    1.3833E-01  2.4636E-04   1.3809E-01  0.000E+00  0.000E+00  0.000E+00  1.24980E+02  4.034E-01  3.730E+00  3.119E-03  1.580E-01
   1  118   90     3    40    1.3809E-01  6.5241E-05   1.3802E-01  0.000E+00  0.000E+00  0.000E+00  1.24980E+02  4.031E-01  3.729E+00  7.795E-04  1.674E-01
   1  118   91     3    41    1.3802E-01  1.3376E-04   1.3789E-01  0.000E+00  0.000E+00  0.000E+00  1.24979E+02  4.030E-01  3.729E+00  1.559E-03  1.716E-01
   1  119   91     3    42    1.3789E-01  2.8026E-04   1.3761E-01  0.000E+00  0.000E+00  0.000E+00  1.24979E+02  4.027E-01  3.727E+00  3.116E-03  1.799E-01
   1  120   91     3    43    1.3761E-01  7.3839E-05   1.3753E-01  0.000E+00  0.000E+00  0.000E+00  1.24978E+02  4.024E-01  3.726E+00  7.788E-04  1.896E-01
   1  120   92     3    44    1.3753E-01  2.2608E-04   1.3731E-01  0.000E+00  0.000E+00  0.000E+00  1.24978E+02  4.022E-01  3.725E+00  2.336E-03  1.936E-01
   1  121   92     3    45    1.3731E-01  2.3629E-04   1.3707E-01  0.000E+00  0.000E+00  0.000E+00  1.24977E+02  4.018E-01  3.724E+00  2.335E-03  2.024E-01
   1  121   93     3    46    1.3707E-01  8.0719E-05   1.3699E-01  0.000E+00  0.000E+00  0.000E+00  1.24977E+02  4.016E-01  3.723E+00  7.781E-04  2.075E-01
   1  122   93     3    47    1.3699E-01  2.5239E-04   1.3674E-01  0.000E+00  0.000E+00  0.000E+00  1.24976E+02  4.013E-01  3.722E+00  2.333E-03  2.163E-01
   1  123   93     3    48    1.3674E-01  1.7551E-04   1.3656E-01  0.000E+00  0.000E+00  0.000E+00  1.24976E+02  4.010E-01  3.720E+00  1.555E-03  2.257E-01
   1  123   94     3    49    1.3656E-01  8.9666E-05   1.3647E-01  0.000E+00  0.000E+00  0.000E+00  1.24975E+02  4.008E-01  3.719E+00  7.773E-04  2.307E-01
   1  124   94     3    50    1.3647E-01  3.7176E-04   1.3610E-01  0.000E+00  0.000E+00  0.000E+00  1.24975E+02  4.005E-01  3.718E+00  3.108E-03  2.392E-01
   1  125   94     3    51    1.3610E-01  9.6867E-05   1.3600E-01  0.000E+00  0.000E+00  0.000E+00  1.24974E+02  4.001E-01  3.716E+00  7.767E-04  2.494E-01
   1  125   95     3    52    1.3600E-01  9.8838E-05   1.3591E-01  0.000E+00  0.000E+00  0.000E+00  1.24974E+02  3.999E-01  3.716E+00  7.765E-04  2.546E-01
   1  126   95     4     1    1.3591E-01  2.6129E-04   1.3564E-01  0.000E+00  0.000E+00  0.000E+00  1.24955E+02  3.814E-01  2.696E+00  2.309E-03  2.263E-01
   1  127   95     4     2    1.3564E-01  6.8121E-05   1.3558E-01  0.000E+00  0.000E+00  0.000E+00  1.24954E+02  3.811E-01  2.695E+00  5.771E-04  2.361E-01
   1  127   96     4     3    1.3558E-01  1.3868E-04   1.3544E-01  0.000E+00  0.000E+00  0.000E+00  1.24954E+02  3.810E-01  2.695E+00  1.154E-03  2.404E-01
   1  128   96     4     4    1.3544E-01  2.8681E-04   1.3515E-01  0.000E+00  0.000E+00  0.000E+00  1.24953E+02  3.807E-01  2.694E+00  2.307E-03  2.486E-01
   1  129   96     4     5    1.3515E-01  7.4547E-05   1.3508E-01  0.000E+00  0.000E+00  0.000E+00  1.24952E+02  3.804E-01  2.693E+00  5.766E-04  2.586E-01
   1  129   97     4     6    1.3508E-01  2.2697E-04   1.3485E-01  0.000E+00  0.000E+00  0.000E+00  1.24951E+02  3.802E-01  2.692E+00  1.729E-03  2.625E-01
   1  130   97     4     7    1.3485E-01  2.3434E-04   1.3462E-01  0.000E+00  0.000E+00  0.000E+00  1.24950E+02  3.798E-01  2.692E+00  1.729E-03  2.711E-01
   1  130   98     4     8    1.3462E-01  7.9542E-05   1.3454E-01  0.000E+00  0.000E+00  0.000E+00  1.24950E+02  3.796E-01  2.691E+00  5.760E-04  2.762E-01
   1  131   98     4     9    1.3454E-01  2.4618E-04   1.3429E-01  0.000E+00  0.000E+00  0.000E+00  1.24949E+02  3.794E-01  2.690E+00  1.728E-03  2.850E-01
   1  132   98     4    10    1.3429E-01  2.5360E-04   1.3404E-01  0.000E+00  0.000E+00  0.000E+00  1.24948E+02  3.790E-01  2.689E+00  1.727E-03  2.937E-01
   1  132   99     4    11    1.3404E-01  8.5935E-05   1.3395E-01  0.000E+00  0.000E+00  0.000E+00  1.24947E+02  3.787E-01  2.688E+00  5.754E-04  2.987E-01
   1  133   99     4    12    1.3395E-01  3.5334E-04   1.3360E-01  0.000E+00  0.000E+00  0.000E+00  1.24947E+02  3.784E-01  2.688E+00  2.301E-03  3.071E-01
   1  134   99     4    13    1.3360E-01  1.8201E-04   1.3341E-01  0.000E+00  0.000E+00  0.000E+00  1.24946E+02  3.780E-01  2.686E+00  1.150E-03  3.166E-01
   1  134  100     4    14    1.3341E-01  9.2395E-05   1.3332E-01  0.000E+00  0.000E+00  0.000E+00  1.24945E+02  3.778E-01  2.686E+00  5.748E-04  3.215E-01
   1  135  100     4    15    1.3332E-01  3.7905E-04   1.3294E-01  0.000E+00  0.000E+00  0.000E+00  1.24944E+02  3.775E-01  2.685E+00  2.298E-03  3.299E-01
   1  136  100     4    16    1.3294E-01  9.7599E-05   1.3285E-01  0.000E+00  0.000E+00  0.000E+00  1.24943E+02  3.771E-01  2.684E+00  5.743E-04  3.399E-01
   1  136  101     4    17    1.3285E-01  1.9766E-04   1.3265E-01  0.000E+00  0.000E+00  0.000E+00  1.24943E+02  3.769E-01  2.683E+00  1.148E-03  3.442E-01
   1  137  101     4    18    1.3265E-01  3.0379E-04   1.3234E-01  0.000E+00  0.000E+00  0.000E+00  1.24942E+02  3.765E-01  2.682E+00  1.722E-03  3.529E-01
   1  138  101     4    19    1.3234E-01  1.0412E-04   1.3224E-01  0.000E+00  0.000E+00  0.000E+00  1.24941E+02  3.762E-01  2.681E+00  5.737E-04  3.630E-01
   1  138  102     4    20    1.3224E-01  3.1548E-04   1.3192E-01  0.000E+00  0.000E+00  0.000E+00  1.24940E+02  3.759E-01  2.681E+00  1.720E-03  3.667E-01
   1  139  102     4    21    1.3192E-01  3.2269E-04   1.3160E-01  0.000E+00  0.000E+00  0.000E+00  1.24939E+02  3.755E-01  2.679E+00  1.720E-03  3.753E-01
   1  140  102     4    22    1.3160E-01  1.1049E-04   1.3149E-01  0.000E+00  0.000E+00  0.000E+00  1.24939E+02  3.751E-01  2.678E+00  5.729E-04  3.857E-01
   1  140  103     4    23    1.3149E-01  4.4547E-04   1.3105E-01  0.000E+00  0.000E+00  0.000E+00  1.24938E+02  3.747E-01  2.677E+00  2.291E-03  3.889E-01
   1  141  103     4    24    1.3105E-01  3.4155E-04   1.3070E-01  0.000E+00  0.000E+00  0.000E+00  1.24936E+02  3.741E-01  2.676E+00  1.717E-03  3.979E-01
   1  141  104     4    25    1.3070E-01  1.1536E-04   1.3059E-01  0.000E+00  0.000E+00  0.000E+00  1.24936E+02  3.738E-01  2.675E+00  5.720E-04  4.033E-01
   1  142  104     4    26    1.3059E-01  4.7103E-04   1.3012E-01  0.000E+00  0.000E+00  0.000E+00  1.24935E+02  3.734E-01  2.673E+00  2.287E-03  4.119E-01
   1  143  104     4    27    1.3012E-01  2.4100E-04   1.2988E-01  0.000E+00  0.000E+00  0.000E+00  1.24934E+02  3.728E-01  2.672E+00  1.143E-03  4.218E-01
   1  143  105     4    28    1.2988E-01  1.2199E-04   1.2975E-01  0.000E+00  0.000E+00  0.000E+00  1.24933E+02  3.726E-01  2.671E+00  5.712E-04  4.272E-01
   1  144  105     4    29    1.2975E-01  3.7346E-04   1.2938E-01  0.000E+00  0.000E+00  0.000E+00  1.24932E+02  3.722E-01  2.670E+00  1.713E-03  4.361E-01
   1  145  105     4    30    1.2938E-01  2.5443E-04   1.2913E-01  0.000E+00  0.000E+00  0.000E+00  1.24931E+02  3.717E-01  2.669E+00  1.141E-03  4.459E-01
   1  145  106     4    31    1.2913E-01  2.5699E-04   1.2887E-01  0.000E+00  0.000E+00  0.000E+00  1.24930E+02  3.713E-01  2.668E+00  1.141E-03  4.506E-01
   1  146  106     4    32    1.2887E-01  3.9296E-04   1.2848E-01  0.000E+00  0.000E+00  0.000E+00  1.24929E+02  3.709E-01  2.666E+00  1.710E-03  4.596E-01
   1  147  106     4    33    1.2848E-01  1.3395E-04   1.2834E-01  0.000E+00  0.000E+00  0.000E+00  1.24929E+02  3.705E-01  2.665E+00  5.697E-04  4.702E-01
   1  147  107     4    34    1.2834E-01  4.0504E-04   1.2794E-01  0.000E+00  0.000E+00  0.000E+00  1.24928E+02  3.701E-01  2.664E+00  1.708E-03  4.742E-01
   1  148  107     4    35    1.2794E-01  4.1249E-04   1.2753E-01  0.000E+00  0.000E+00  0.000E+00  1.24927E+02  3.694E-01  2.662E+00  1.707E-03  4.833E-01
   1  149  107     4    36    1.2753E-01  1.4057E-04   1.2738E-01  0.000E+00  0.000E+00  0.000E+00  1.24926E+02  3.690E-01  2.661E+00  5.687E-04  4.943E-01
   1  149  108     4    37    1.2738E-01  4.2484E-04   1.2696E-01  0.000E+00  0.000E+00  0.000E+00  1.24925E+02  3.686E-01  2.660E+00  1.705E-03  4.983E-01
   1  150  108     4    38    1.2696E-01  4.3237E-04   1.2653E-01  0.000E+00  0.000E+00  0.000E+00  1.24924E+02  3.680E-01  2.658E+00  1.704E-03  5.075E-01
   1  150  109     4    39    1.2653E-01  1.4577E-04   1.2638E-01  0.000E+00  0.000E+00  0.000E+00  1.24923E+02  3.675E-01  2.657E+00  5.677E-04  5.135E-01
   1  151  109     4    40    1.2638E-01  4.4503E-04   1.2594E-01  0.000E+00  0.000E+00  0.000E+00  1.24922E+02  3.671E-01  2.656E+00  1.702E-03  5.229E-01
   1  152  109     4    41    1.2594E-01  4.5280E-04   1.2548E-01  0.000E+00  0.000E+00  0.000E+00  1.24921E+02  3.664E-01  2.654E+00  1.701E-03  5.325E-01
   1  152  110     4    42    1.2548E-01  1.5261E-04   1.2533E-01  0.000E+00  0.000E+00  0.000E+00  1.24920E+02  3.659E-01  2.653E+00  5.666E-04  5.387E-01
   1  153  110     4    43    1.2533E-01  4.6575E-04   1.2487E-01  0.000E+00  0.000E+00  0.000E+00  1.24919E+02  3.655E-01  2.651E+00  1.699E-03  5.483E-01
   1  154  110     4    44    1.2487E-01  3.1632E-04   1.2455E-01  0.000E+00  0.000E+00  0.000E+00  1.24918E+02  3.649E-01  2.650E+00  1.132E-03  5.590E-01
   1  154  111     4    45    1.2455E-01  3.1945E-04   1.2423E-01  0.000E+00  0.000E+00  0.000E+00  1.24917E+02  3.644E-01  2.648E+00  1.131E-03  5.648E-01
   1  155  111     4    46    1.2423E-01  1.6299E-04   1.2407E-01  0.000E+00  0.000E+00  0.000E+00  1.24916E+02  3.640E-01  2.647E+00  5.653E-04  5.766E-01
   1  156  111     5     1    1.2407E-01  2.5618E-04   1.2381E-01  0.000E+00  0.000E+00  0.000E+00  1.24792E+02  2.504E-01  2.391E+00  1.501E-03  3.413E-01
   1  157  111     5     2    1.2381E-01  2.5151E-04   1.2356E-01  0.000E+00  0.000E+00  0.000E+00  1.24783E+02  2.501E-01  2.390E+00  1.501E-03  3.352E-01
   1  158  111     5     3    1.2356E-01  2.4684E-04   1.2331E-01  0.000E+00  0.000E+00  0.000E+00  1.24773E+02  2.499E-01  2.390E+00  1.500E-03  3.291E-01
   1  159  111     5     4    1.2331E-01  2.4217E-04   1.2307E-01  0.000E+00  0.000E+00  0.000E+00  1.24764E+02  2.496E-01  2.389E+00  1.500E-03  3.230E-01
   1  160  111     5     5    1.2307E-01  2.3748E-04   1.2283E-01  0.000E+00  0.000E+00  0.000E+00  1.24755E+02  2.494E-01  2.388E+00  1.499E-03  3.168E-01
   1  161  111     5     6    1.2283E-01  2.3276E-04   1.2260E-01  0.000E+00  0.000E+00  0.000E+00  1.24745E+02  2.492E-01  2.387E+00  1.499E-03  3.107E-01
   1  162  111     5     7    1.2260E-01  2.2805E-04   1.2237E-01  0.000E+00  0.000E+00  0.000E+00  1.24736E+02  2.489E-01  2.387E+00  1.498E-03  3.045E-01
   1  163  111     5     8    1.2237E-01  2.2332E-04   1.2215E-01  0.000E+00  0.000E+00  0.000E+00  1.24727E+02  2.487E-01  2.386E+00  1.498E-03  2.983E-01
   1  164  111     5     9    1.2215E-01  2.1862E-04   1.2193E-01  0.000E+00  0.000E+00  0.000E+00  1.24717E+02  2.485E-01  2.385E+00  1.497E-03  2.921E-01
   1  165  111     5    10    1.2193E-01  7.3594E-05   1.2186E-01  0.000E+00  0.000E+00  0.000E+00  1.24712E+02  2.483E-01  2.385E+00  4.989E-04  2.950E-01
   1  166  111     6     1    1.2186E-01  2.1641E-04   1.2164E-01  0.000E+00  0.000E+00  0.000E+00  1.24778E+02  3.168E-01  2.347E+00  9.871E-04  4.385E-01
   1  166  112     6     2    1.2164E-01  1.0910E-04   1.2153E-01  0.000E+00  0.000E+00  0.000E+00  1.24777E+02  3.166E-01  2.346E+00  4.934E-04  4.422E-01
   1  167  112     6     3    1.2153E-01  3.3290E-04   1.2120E-01  0.000E+00  0.000E+00  0.000E+00  1.24775E+02  3.163E-01  2.345E+00  1.479E-03  4.501E-01
   1  168  112     6     4    1.2120E-01  3.3856E-04   1.2086E-01  0.000E+00  0.000E+00  0.000E+00  1.24773E+02  3.159E-01  2.343E+00  1.478E-03  4.581E-01
   1  168  113     6     5    1.2086E-01  1.1385E-04   1.2075E-01  0.000E+00  0.000E+00  0.000E+00  1.24772E+02  3.156E-01  2.342E+00  4.925E-04  4.623E-01
   1  169  113     6     6    1.2075E-01  3.4730E-04   1.2040E-01  0.000E+00  0.000E+00  0.000E+00  1.24770E+02  3.153E-01  2.341E+00  1.477E-03  4.704E-01
   1  170  113     6     7    1.2040E-01  3.5289E-04   1.2005E-01  0.000E+00  0.000E+00  0.000E+00  1.24768E+02  3.149E-01  2.339E+00  1.476E-03  4.783E-01
   1  170  114     6     8    1.2005E-01  1.1865E-04   1.1993E-01  0.000E+00  0.000E+00  0.000E+00  1.24767E+02  3.146E-01  2.338E+00  4.916E-04  4.827E-01
   1  171  114     6     9    1.1993E-01  4.8198E-04   1.1944E-01  0.000E+00  0.000E+00  0.000E+00  1.24765E+02  3.142E-01  2.337E+00  1.965E-03  4.906E-01
   1  172  114     6    10    1.1944E-01  2.4500E-04   1.1920E-01  0.000E+00  0.000E+00  0.000E+00  1.24763E+02  3.137E-01  2.335E+00  9.817E-04  4.992E-01
   1  172  115     6    11    1.1920E-01  1.2355E-04   1.1908E-01  0.000E+00  0.000E+00  0.000E+00  1.24762E+02  3.135E-01  2.334E+00  4.906E-04  5.036E-01
   1  173  115     6    12    1.1908E-01  3.7654E-04   1.1870E-01  0.000E+00  0.000E+00  0.000E+00  1.24760E+02  3.132E-01  2.333E+00  1.471E-03  5.119E-01
   1  174  115     6    13    1.1870E-01  3.8187E-04   1.1832E-01  0.000E+00  0.000E+00  0.000E+00  1.24758E+02  3.127E-01  2.331E+00  1.470E-03  5.196E-01
   1  174  116     6    14    1.1832E-01  1.2835E-04   1.1819E-01  0.000E+00  0.000E+00  0.000E+00  1.24757E+02  3.124E-01  2.330E+00  4.896E-04  5.243E-01
   1  175  116     6    15    1.1819E-01  3.9099E-04   1.1780E-01  0.000E+00  0.000E+00  0.000E+00  1.24755E+02  3.120E-01  2.328E+00  1.468E-03  5.327E-01
   1  176  116     6    16    1.1780E-01  3.9614E-04   1.1740E-01  0.000E+00  0.000E+00  0.000E+00  1.24753E+02  3.115E-01  2.326E+00  1.467E-03  5.402E-01
   1  176  117     6    17    1.1740E-01  1.3311E-04   1.1727E-01  0.000E+00  0.000E+00  0.000E+00  1.24752E+02  3.112E-01  2.325E+00  4.886E-04  5.449E-01
   1  177  117     6    18    1.1727E-01  5.3990E-04   1.1673E-01  0.000E+00  0.000E+00  0.000E+00  1.24750E+02  3.108E-01  2.323E+00  1.953E-03  5.530E-01
   1  178  117     6    19    1.1673E-01  4.1006E-04   1.1632E-01  0.000E+00  0.000E+00  0.000E+00  1.24748E+02  3.102E-01  2.321E+00  1.463E-03  5.606E-01
   1  179  117     6    20    1.1632E-01  1.3924E-04   1.1618E-01  0.000E+00  0.000E+00  0.000E+00  1.24746E+02  3.098E-01  2.319E+00  4.873E-04  5.714E-01
   1  179  118     6    21    1.1618E-01  4.1956E-04   1.1576E-01  0.000E+00  0.000E+00  0.000E+00  1.24745E+02  3.095E-01  2.318E+00  1.461E-03  5.743E-01
   1  180  118     6    22    1.1576E-01  5.6552E-04   1.1519E-01  0.000E+00  0.000E+00  0.000E+00  1.24742E+02  3.088E-01  2.315E+00  1.946E-03  5.813E-01
   1  181  118     6    23    1.1519E-01  1.4394E-04   1.1505E-01  0.000E+00  0.000E+00  0.000E+00  1.24741E+02  3.084E-01  2.314E+00  4.860E-04  5.923E-01
   1  181  119     6    24    1.1505E-01  4.3383E-04   1.1462E-01  0.000E+00  0.000E+00  0.000E+00  1.24739E+02  3.080E-01  2.312E+00  1.457E-03  5.954E-01
   1  182  119     6    25    1.1462E-01  4.3904E-04   1.1418E-01  0.000E+00  0.000E+00  0.000E+00  1.24737E+02  3.074E-01  2.310E+00  1.456E-03  6.032E-01
   1  183  119     6    26    1.1418E-01  1.4886E-04   1.1403E-01  0.000E+00  0.000E+00  0.000E+00  1.24735E+02  3.071E-01  2.308E+00  4.849E-04  6.140E-01
   1  183  120     6    27    1.1403E-01  4.4852E-04   1.1358E-01  0.000E+00  0.000E+00  0.000E+00  1.24734E+02  3.067E-01  2.307E+00  1.454E-03  6.171E-01
   1  184  120     6    28    1.1358E-01  4.5379E-04   1.1313E-01  0.000E+00  0.000E+00  0.000E+00  1.24732E+02  3.061E-01  2.304E+00  1.452E-03  6.250E-01
   1  185  120     6    29    1.1313E-01  1.5374E-04   1.1297E-01  0.000E+00  0.000E+00  0.000E+00  1.24730E+02  3.057E-01  2.303E+00  4.837E-04  6.358E-01
   1  185  121     6    30    1.1297E-01  3.0907E-04   1.1266E-01  0.000E+00  0.000E+00  0.000E+00  1.24729E+02  3.054E-01  2.302E+00  9.668E-04  6.394E-01
   1  186  121     6    31    1.1266E-01  6.2437E-04   1.1204E-01  0.000E+00  0.000E+00  0.000E+00  1.24726E+02  3.048E-01  2.299E+00  1.931E-03  6.466E-01
   1  187  121     6    32    1.1204E-01  1.5853E-04   1.1188E-01  0.000E+00  0.000E+00  0.000E+00  1.24725E+02  3.043E-01  2.297E+00  4.824E-04  6.573E-01
   1  187  122     6    33    1.1188E-01  3.1872E-04   1.1156E-01  0.000E+00  0.000E+00  0.000E+00  1.24723E+02  3.040E-01  2.296E+00  9.642E-04  6.611E-01
   1  188  122     6    34    1.1156E-01  4.8326E-04   1.1108E-01  0.000E+00  0.000E+00  0.000E+00  1.24721E+02  3.034E-01  2.294E+00  1.445E-03  6.689E-01
   1  189  122     6    35    1.1108E-01  3.2654E-04   1.1075E-01  0.000E+00  0.000E+00  0.000E+00  1.24719E+02  3.029E-01  2.292E+00  9.623E-04  6.786E-01
   1  189  123     6    36    1.1075E-01  3.2822E-04   1.1042E-01  0.000E+00  0.000E+00  0.000E+00  1.24718E+02  3.025E-01  2.290E+00  9.616E-04  6.827E-01
   1  190  123     6    37    1.1042E-01  4.9763E-04   1.0993E-01  0.000E+00  0.000E+00  0.000E+00  1.24716E+02  3.019E-01  2.288E+00  1.441E-03  6.907E-01
   1  191  123     6    38    1.0993E-01  3.3607E-04   1.0959E-01  0.000E+00  0.000E+00  0.000E+00  1.24714E+02  3.014E-01  2.286E+00  9.596E-04  7.004E-01
   1  191  124     6    39    1.0959E-01  1.6905E-04   1.0942E-01  0.000E+00  0.000E+00  0.000E+00  1.24712E+02  3.011E-01  2.284E+00  4.795E-04  7.051E-01
   1  192  124     6    40    1.0942E-01  6.8255E-04   1.0874E-01  0.000E+00  0.000E+00  0.000E+00  1.24710E+02  3.005E-01  2.282E+00  1.916E-03  7.125E-01
   1  193  124     6    41    1.0874E-01  1.7293E-04   1.0857E-01  0.000E+00  0.000E+00  0.000E+00  1.24708E+02  2.999E-01  2.280E+00  4.785E-04  7.228E-01
   1  193  125     6    42    1.0857E-01  3.4751E-04   1.0822E-01  0.000E+00  0.000E+00  0.000E+00  1.24707E+02  2.996E-01  2.278E+00  9.564E-04  7.267E-01
   1  194  125     6    43    1.0822E-01  5.2658E-04   1.0769E-01  0.000E+00  0.000E+00  0.000E+00  1.24705E+02  2.990E-01  2.276E+00  1.433E-03  7.349E-01
   1  195  125     6    44    1.0769E-01  3.5513E-04   1.0734E-01  0.000E+00  0.000E+00  0.000E+00  1.24703E+02  2.984E-01  2.274E+00  9.543E-04  7.443E-01
   1  195  126     6    45    1.0734E-01  3.5679E-04   1.0698E-01  0.000E+00  0.000E+00  0.000E+00  1.24701E+02  2.980E-01  2.272E+00  9.534E-04  7.484E-01
   1  196  126     6    46    1.0698E-01  5.4063E-04   1.0644E-01  0.000E+00  0.000E+00  0.000E+00  1.24699E+02  2.974E-01  2.269E+00  1.429E-03  7.569E-01
   1  197  126     6    47    1.0644E-01  3.6447E-04   1.0608E-01  0.000E+00  0.000E+00  0.000E+00  1.24697E+02  2.967E-01  2.267E+00  9.513E-04  7.663E-01
   1  197  127     6    48    1.0608E-01  1.8327E-04   1.0589E-01  0.000E+00  0.000E+00  0.000E+00  1.24696E+02  2.964E-01  2.266E+00  4.753E-04  7.711E-01
   1  198  127     6    49    1.0589E-01  7.3943E-04   1.0515E-01  0.000E+00  0.000E+00  0.000E+00  1.24694E+02  2.958E-01  2.263E+00  1.899E-03  7.787E-01
   1  199  127     6    50    1.0515E-01  3.7365E-04   1.0478E-01  0.000E+00  0.000E+00  0.000E+00  1.24691E+02  2.950E-01  2.260E+00  9.482E-04  7.881E-01
   1  199  128     6    51    1.0478E-01  1.8791E-04   1.0459E-01  0.000E+00  0.000E+00  0.000E+00  1.24690E+02  2.946E-01  2.259E+00  4.738E-04  7.933E-01
   1  200  128     6    52    1.0459E-01  5.6915E-04   1.0402E-01  0.000E+00  0.000E+00  0.000E+00  1.24688E+02  2.941E-01  2.256E+00  1.420E-03  8.017E-01
   1  201  128     6    53    1.0402E-01  5.7417E-04   1.0345E-01  0.000E+00  0.000E+00  0.000E+00  1.24686E+02  2.933E-01  2.253E+00  1.418E-03  8.099E-01
   1  201  129     6    54    1.0345E-01  1.9248E-04   1.0326E-01  0.000E+00  0.000E+00  0.000E+00  1.24684E+02  2.928E-01  2.251E+00  4.721E-04  8.154E-01
   1  202  129     6    55    1.0326E-01  5.8294E-04   1.0267E-01  0.000E+00  0.000E+00  0.000E+00  1.24682E+02  2.923E-01  2.249E+00  1.415E-03  8.240E-01
   1  203  129     6    56    1.0267E-01  5.8788E-04   1.0208E-01  0.000E+00  0.000E+00  0.000E+00  1.24680E+02  2.915E-01  2.246E+00  1.413E-03  8.322E-01
   1  203  130     6    57    1.0208E-01  1.9705E-04   1.0189E-01  0.000E+00  0.000E+00  0.000E+00  1.24678E+02  2.910E-01  2.244E+00  4.705E-04  8.377E-01
   1  204  130     6    58    1.0189E-01  7.9509E-04   1.0109E-01  0.000E+00  0.000E+00  0.000E+00  1.24676E+02  2.903E-01  2.241E+00  1.879E-03  8.461E-01
   1  205  130     6    59    1.0109E-01  2.0130E-04   1.0089E-01  0.000E+00  0.000E+00  0.000E+00  1.24675E+02  2.896E-01  2.238E+00  4.693E-04  8.580E-01
   1  205  131     7     1    1.0089E-01  2.0152E-04   1.0069E-01  0.000E+00  0.000E+00  0.000E+00  1.24666E+02  2.837E-01  2.259E+00  4.755E-04  8.477E-01
   1  206  131     7     2    1.0069E-01  6.0968E-04   1.0008E-01  0.000E+00  0.000E+00  0.000E+00  1.24664E+02  2.832E-01  2.258E+00  1.425E-03  8.554E-01
   1  207  131     7     3    1.0008E-01  8.1696E-04   9.9263E-02  0.000E+00  0.000E+00  0.000E+00  1.24660E+02  2.823E-01  2.256E+00  1.898E-03  8.608E-01
   1  208  131     7     4    9.9263E-02  2.0655E-04   9.9056E-02  0.000E+00  0.000E+00  0.000E+00  1.24657E+02  2.816E-01  2.254E+00  4.741E-04  8.713E-01
   1  208  132     7     5    9.9056E-02  4.1437E-04   9.8642E-02  0.000E+00  0.000E+00  0.000E+00  1.24655E+02  2.812E-01  2.253E+00  9.477E-04  8.745E-01
   1  209  132     7     6    9.8642E-02  6.2577E-04   9.8016E-02  0.000E+00  0.000E+00  0.000E+00  1.24652E+02  2.805E-01  2.251E+00  1.420E-03  8.812E-01
   1  210  132     7     7    9.8016E-02  4.2070E-04   9.7595E-02  0.000E+00  0.000E+00  0.000E+00  1.24649E+02  2.798E-01  2.250E+00  9.459E-04  8.895E-01
   1  210  133     7     8    9.7595E-02  2.1125E-04   9.7384E-02  0.000E+00  0.000E+00  0.000E+00  1.24647E+02  2.794E-01  2.248E+00  4.727E-04  8.938E-01
   1  211  133     7     9    9.7384E-02  8.5025E-04   9.6534E-02  0.000E+00  0.000E+00  0.000E+00  1.24645E+02  2.787E-01  2.247E+00  1.889E-03  9.002E-01
   1  212  133     7    10    9.6534E-02  6.4155E-04   9.5892E-02  0.000E+00  0.000E+00  0.000E+00  1.24641E+02  2.777E-01  2.244E+00  1.415E-03  9.069E-01
   1  213  133     7    11    9.5892E-02  2.1640E-04   9.5676E-02  0.000E+00  0.000E+00  0.000E+00  1.24639E+02  2.771E-01  2.243E+00  4.712E-04  9.184E-01
   1  213  134     7    12    9.5676E-02  6.5012E-04   9.5026E-02  0.000E+00  0.000E+00  0.000E+00  1.24637E+02  2.765E-01  2.241E+00  1.413E-03  9.204E-01
   1  214  134     7    13    9.5026E-02  6.5392E-04   9.4372E-02  0.000E+00  0.000E+00  0.000E+00  1.24633E+02  2.757E-01  2.239E+00  1.411E-03  9.269E-01
   1  215  134     7    14    9.4372E-02  4.4009E-04   9.3932E-02  0.000E+00  0.000E+00  0.000E+00  1.24630E+02  2.749E-01  2.237E+00  9.397E-04  9.367E-01
   1  215  135     7    15    9.3932E-02  4.4141E-04   9.3490E-02  0.000E+00  0.000E+00  0.000E+00  1.24628E+02  2.743E-01  2.236E+00  9.389E-04  9.403E-01
   1  216  135     7    16    9.3490E-02  6.6664E-04   9.2824E-02  0.000E+00  0.000E+00  0.000E+00  1.24625E+02  2.736E-01  2.234E+00  1.407E-03  9.477E-01
   1  217  135     7    17    9.2824E-02  4.4803E-04   9.2376E-02  0.000E+00  0.000E+00  0.000E+00  1.24622E+02  2.728E-01  2.232E+00  9.370E-04  9.563E-01
   1  217  136     7    18    9.2376E-02  2.2498E-04   9.2151E-02  0.000E+00  0.000E+00  0.000E+00  1.24620E+02  2.724E-01  2.231E+00  4.682E-04  9.610E-01
   1  218  136     7    19    9.2151E-02  6.7970E-04   9.1471E-02  0.000E+00  0.000E+00  0.000E+00  1.24618E+02  2.718E-01  2.229E+00  1.403E-03  9.686E-01
   1  219  136     7    20    9.1471E-02  9.1029E-04   9.0561E-02  0.000E+00  0.000E+00  0.000E+00  1.24614E+02  2.707E-01  2.227E+00  1.868E-03  9.744E-01
   1  220  136     7    21    9.0561E-02  2.3013E-04   9.0331E-02  0.000E+00  0.000E+00  0.000E+00  1.24611E+02  2.699E-01  2.225E+00  4.666E-04  9.864E-01
   1  220  137     7    22    9.0331E-02  6.9140E-04   8.9639E-02  0.000E+00  0.000E+00  0.000E+00  1.24609E+02  2.693E-01  2.223E+00  1.399E-03  9.887E-01
   1  221  137     7    23    8.9639E-02  6.9551E-04   8.8944E-02  0.000E+00  0.000E+00  0.000E+00  1.24606E+02  2.683E-01  2.221E+00  1.397E-03  9.959E-01
   1  222  137     7    24    8.8944E-02  4.6788E-04   8.8476E-02  0.000E+00  0.000E+00  0.000E+00  1.24603E+02  2.675E-01  2.219E+00  9.302E-04  1.006E+00
   1  222  138     7    25    8.8476E-02  2.3485E-04   8.8241E-02  0.000E+00  0.000E+00  0.000E+00  1.24601E+02  2.670E-01  2.218E+00  4.648E-04  1.011E+00
   1  223  138     7    26    8.8241E-02  9.4452E-04   8.7296E-02  0.000E+00  0.000E+00  0.000E+00  1.24598E+02  2.662E-01  2.215E+00  1.857E-03  1.017E+00
   1  224  138     7    27    8.7296E-02  4.7586E-04   8.6821E-02  0.000E+00  0.000E+00  0.000E+00  1.24594E+02  2.652E-01  2.213E+00  9.272E-04  1.026E+00
   1  224  139     7    28    8.6821E-02  2.3895E-04   8.6582E-02  0.000E+00  0.000E+00  0.000E+00  1.24592E+02  2.647E-01  2.212E+00  4.633E-04  1.032E+00
   1  225  139     7    29    8.6582E-02  7.2192E-04   8.5860E-02  0.000E+00  0.000E+00  0.000E+00  1.24590E+02  2.640E-01  2.210E+00  1.389E-03  1.040E+00
   1  226  139     7    30    8.5860E-02  9.6676E-04   8.4893E-02  0.000E+00  0.000E+00  0.000E+00  1.24586E+02  2.628E-01  2.207E+00  1.848E-03  1.046E+00
   1  227  139     7    31    8.4893E-02  2.4431E-04   8.4649E-02  0.000E+00  0.000E+00  0.000E+00  1.24583E+02  2.620E-01  2.205E+00  4.616E-04  1.059E+00
   1  227  140     7    32    8.4649E-02  7.3391E-04   8.3915E-02  0.000E+00  0.000E+00  0.000E+00  1.24581E+02  2.613E-01  2.203E+00  1.383E-03  1.061E+00
   1  228  140     7    33    8.3915E-02  7.3836E-04   8.3176E-02  0.000E+00  0.000E+00  0.000E+00  1.24577E+02  2.602E-01  2.201E+00  1.381E-03  1.069E+00
   1  229  140     7    34    8.3176E-02  4.9656E-04   8.2680E-02  0.000E+00  0.000E+00  0.000E+00  1.24574E+02  2.594E-01  2.198E+00  9.198E-04  1.080E+00
   1  229  141     7    35    8.2680E-02  2.4924E-04   8.2431E-02  0.000E+00  0.000E+00  0.000E+00  1.24572E+02  2.588E-01  2.197E+00  4.595E-04  1.085E+00
   1  230  141     7    36    8.2431E-02  1.0026E-03   8.1428E-02  0.000E+00  0.000E+00  0.000E+00  1.24569E+02  2.579E-01  2.195E+00  1.836E-03  1.092E+00
   1  231  141     7    37    8.1428E-02  5.0505E-04   8.0923E-02  0.000E+00  0.000E+00  0.000E+00  1.24566E+02  2.569E-01  2.192E+00  9.165E-04  1.102E+00
   1  231  142     7    38    8.0923E-02  2.5361E-04   8.0669E-02  0.000E+00  0.000E+00  0.000E+00  1.24564E+02  2.563E-01  2.191E+00  4.579E-04  1.108E+00
   1  232  142     7    39    8.0669E-02  7.6660E-04   7.9903E-02  0.000E+00  0.000E+00  0.000E+00  1.24561E+02  2.556E-01  2.189E+00  1.372E-03  1.117E+00
   1  233  142     7    40    7.9903E-02  7.7153E-04   7.9131E-02  0.000E+00  0.000E+00  0.000E+00  1.24558E+02  2.545E-01  2.186E+00  1.370E-03  1.126E+00
   1  234  142     8     1    7.9131E-02  1.8527E-04   7.8946E-02  0.000E+00  0.000E+00  0.000E+00  1.24476E+02  1.755E-01  1.823E+00  3.777E-04  9.812E-01
   1  234  143     8     2    7.8946E-02  5.5437E-04   7.8392E-02  0.000E+00  0.000E+00  0.000E+00  1.24471E+02  1.751E-01  1.822E+00  1.132E-03  9.794E-01
   1  235  143     8     3    7.8392E-02  5.5319E-04   7.7838E-02  0.000E+00  0.000E+00  0.000E+00  1.24463E+02  1.745E-01  1.820E+00  1.131E-03  9.785E-01
   1  236  143     8     4    7.7838E-02  3.6988E-04   7.7468E-02  0.000E+00  0.000E+00  0.000E+00  1.24456E+02  1.741E-01  1.818E+00  7.530E-04  9.824E-01
   1  236  144     8     5    7.7468E-02  3.6933E-04   7.7099E-02  0.000E+00  0.000E+00  0.000E+00  1.24451E+02  1.737E-01  1.817E+00  7.524E-04  9.817E-01
   1  237  144     8     6    7.7099E-02  5.5418E-04   7.6545E-02  0.000E+00  0.000E+00  0.000E+00  1.24444E+02  1.732E-01  1.815E+00  1.127E-03  9.831E-01
   1  238  144     8     7    7.6545E-02  5.5359E-04   7.5991E-02  0.000E+00  0.000E+00  0.000E+00  1.24436E+02  1.726E-01  1.813E+00  1.126E-03  9.832E-01
   1  238  145     8     8    7.5991E-02  1.8446E-04   7.5807E-02  0.000E+00  0.000E+00  0.000E+00  1.24432E+02  1.722E-01  1.812E+00  3.750E-04  9.837E-01
   1  239  145     8     9    7.5807E-02  7.3953E-04   7.5067E-02  0.000E+00  0.000E+00  0.000E+00  1.24426E+02  1.717E-01  1.810E+00  1.499E-03  9.869E-01
   1  240  145     8    10    7.5067E-02  5.5305E-04   7.4514E-02  0.000E+00  0.000E+00  0.000E+00  1.24417E+02  1.710E-01  1.808E+00  1.122E-03  9.855E-01
   1  241  145     8    11    7.4514E-02  1.8562E-04   7.4329E-02  0.000E+00  0.000E+00  0.000E+00  1.24412E+02  1.706E-01  1.806E+00  3.738E-04  9.931E-01
   1  241  146     8    12    7.4329E-02  5.5535E-04   7.3773E-02  0.000E+00  0.000E+00  0.000E+00  1.24407E+02  1.702E-01  1.805E+00  1.120E-03  9.913E-01
   1  242  146     8    13    7.3773E-02  5.5418E-04   7.3219E-02  0.000E+00  0.000E+00  0.000E+00  1.24399E+02  1.696E-01  1.803E+00  1.119E-03  9.904E-01
   1  243  146     8    14    7.3219E-02  3.7057E-04   7.2849E-02  0.000E+00  0.000E+00  0.000E+00  1.24392E+02  1.691E-01  1.801E+00  7.453E-04  9.945E-01
   1  243  147     8    15    7.2849E-02  3.7005E-04   7.2479E-02  0.000E+00  0.000E+00  0.000E+00  1.24387E+02  1.687E-01  1.800E+00  7.446E-04  9.939E-01
   1  244  147     8    16    7.2479E-02  5.5547E-04   7.1923E-02  0.000E+00  0.000E+00  0.000E+00  1.24380E+02  1.682E-01  1.798E+00  1.116E-03  9.957E-01
   1  245  147     8    17    7.1923E-02  3.7034E-04   7.1553E-02  0.000E+00  0.000E+00  0.000E+00  1.24372E+02  1.676E-01  1.797E+00  7.430E-04  9.968E-01
   1  245  148     8    18    7.1553E-02  1.8511E-04   7.1368E-02  0.000E+00  0.000E+00  0.000E+00  1.24368E+02  1.673E-01  1.795E+00  3.713E-04  9.971E-01
   1  246  148     8    19    7.1368E-02  5.5697E-04   7.0811E-02  0.000E+00  0.000E+00  0.000E+00  1.24362E+02  1.669E-01  1.794E+00  1.113E-03  1.001E+00
   1  247  148     8    20    7.0811E-02  7.3974E-04   7.0071E-02  0.000E+00  0.000E+00  0.000E+00  1.24353E+02  1.662E-01  1.792E+00  1.482E-03  9.986E-01
   1  248  148     8    21    7.0071E-02  1.8620E-04   6.9885E-02  0.000E+00  0.000E+00  0.000E+00  1.24348E+02  1.657E-01  1.790E+00  3.700E-04  1.006E+00
   1  248  149     8    22    6.9885E-02  5.5720E-04   6.9328E-02  0.000E+00  0.000E+00  0.000E+00  1.24343E+02  1.653E-01  1.789E+00  1.109E-03  1.005E+00
   1  249  149     8    23    6.9328E-02  5.5618E-04   6.8771E-02  0.000E+00  0.000E+00  0.000E+00  1.24334E+02  1.647E-01  1.786E+00  1.108E-03  1.004E+00
   1  250  149     8    24    6.8771E-02  3.7200E-04   6.8399E-02  0.000E+00  0.000E+00  0.000E+00  1.24328E+02  1.641E-01  1.785E+00  7.376E-04  1.009E+00
   1  250  150     8    25    6.8399E-02  1.8591E-04   6.8213E-02  0.000E+00  0.000E+00  0.000E+00  1.24323E+02  1.638E-01  1.784E+00  3.685E-04  1.009E+00
   1  251  150     8    26    6.8213E-02  7.4361E-04   6.7470E-02  0.000E+00  0.000E+00  0.000E+00  1.24316E+02  1.633E-01  1.782E+00  1.473E-03  1.010E+00
   1  252  150     8    27    6.7470E-02  3.7191E-04   6.7098E-02  0.000E+00  0.000E+00  0.000E+00  1.24308E+02  1.627E-01  1.780E+00  7.353E-04  1.012E+00
   1  252  151     8    28    6.7098E-02  1.8594E-04   6.6912E-02  0.000E+00  0.000E+00  0.000E+00  1.24303E+02  1.623E-01  1.779E+00  3.674E-04  1.012E+00
   1  253  151     8    29    6.6912E-02  5.5980E-04   6.6352E-02  0.000E+00  0.000E+00  0.000E+00  1.24298E+02  1.619E-01  1.777E+00  1.101E-03  1.017E+00
   1  254  151     8    30    6.6352E-02  5.5837E-04   6.5794E-02  0.000E+00  0.000E+00  0.000E+00  1.24289E+02  1.613E-01  1.775E+00  1.100E-03  1.016E+00
   1  255  151     8    31    6.5794E-02  1.8742E-04   6.5606E-02  0.000E+00  0.000E+00  0.000E+00  1.24284E+02  1.608E-01  1.774E+00  3.662E-04  1.024E+00
   1  255  152     8    32    6.5606E-02  5.6087E-04   6.5046E-02  0.000E+00  0.000E+00  0.000E+00  1.24279E+02  1.604E-01  1.772E+00  1.098E-03  1.022E+00
   1  256  152     8    33    6.5046E-02  5.6003E-04   6.4485E-02  0.000E+00  0.000E+00  0.000E+00  1.24270E+02  1.598E-01  1.770E+00  1.096E-03  1.022E+00
   1  257  152     8    34    6.4485E-02  1.8749E-04   6.4298E-02  0.000E+00  0.000E+00  0.000E+00  1.24264E+02  1.593E-01  1.769E+00  3.650E-04  1.027E+00
   1  257  153     8    35    6.4298E-02  3.7446E-04   6.3924E-02  0.000E+00  0.000E+00  0.000E+00  1.24259E+02  1.590E-01  1.768E+00  7.296E-04  1.026E+00
   1  258  153     8    36    6.3924E-02  7.4911E-04   6.3174E-02  0.000E+00  0.000E+00  0.000E+00  1.24252E+02  1.584E-01  1.765E+00  1.457E-03  1.028E+00
   1  259  153     8    37    6.3174E-02  3.7486E-04   6.2800E-02  0.000E+00  0.000E+00  0.000E+00  1.24244E+02  1.577E-01  1.763E+00  7.275E-04  1.030E+00
   1  259  154     8    38    6.2800E-02  1.8745E-04   6.2612E-02  0.000E+00  0.000E+00  0.000E+00  1.24239E+02  1.574E-01  1.762E+00  3.635E-04  1.031E+00
   1  260  154     8    39    6.2612E-02  5.6462E-04   6.2047E-02  0.000E+00  0.000E+00  0.000E+00  1.24234E+02  1.569E-01  1.761E+00  1.090E-03  1.036E+00
   1  261  154     8    40    6.2047E-02  5.6353E-04   6.1484E-02  0.000E+00  0.000E+00  0.000E+00  1.24225E+02  1.563E-01  1.758E+00  1.088E-03  1.036E+00
   1  262  154     8    41    6.1484E-02  1.8926E-04   6.1295E-02  0.000E+00  0.000E+00  0.000E+00  1.24219E+02  1.558E-01  1.757E+00  3.623E-04  1.045E+00
   1  262  155     8    42    6.1295E-02  5.6656E-04   6.0728E-02  0.000E+00  0.000E+00  0.000E+00  1.24215E+02  1.554E-01  1.755E+00  1.086E-03  1.044E+00
   1  263  155     8    43    6.0728E-02  5.6619E-04   6.0162E-02  0.000E+00  0.000E+00  0.000E+00  1.24206E+02  1.547E-01  1.753E+00  1.084E-03  1.044E+00
   1  264  155     8    44    6.0162E-02  1.8972E-04   5.9972E-02  0.000E+00  0.000E+00  0.000E+00  1.24200E+02  1.542E-01  1.752E+00  3.611E-04  1.051E+00
   1  264  156     8    45    5.9972E-02  3.7912E-04   5.9593E-02  0.000E+00  0.000E+00  0.000E+00  1.24195E+02  1.539E-01  1.751E+00  7.216E-04  1.051E+00
   1  265  156     8    46    5.9593E-02  5.6994E-04   5.9023E-02  0.000E+00  0.000E+00  0.000E+00  1.24188E+02  1.533E-01  1.749E+00  1.081E-03  1.054E+00
   1  266  156     8    47    5.9023E-02  5.7062E-04   5.8453E-02  0.000E+00  0.000E+00  0.000E+00  1.24180E+02  1.526E-01  1.746E+00  1.079E-03  1.057E+00
   1  266  157     8    48    5.8453E-02  1.9037E-04   5.8262E-02  0.000E+00  0.000E+00  0.000E+00  1.24175E+02  1.522E-01  1.745E+00  3.595E-04  1.059E+00
   1  267  157     8    49    5.8262E-02  1.9325E-04   5.8069E-02  0.000E+00  0.000E+00  0.000E+00  1.24173E+02  1.520E-01  1.744E+00  3.593E-04  1.076E+00
