


 STREAM LISTING     PERIOD      1   STEP        1

 LAYER ROW COL. STREAM  RCH.  FLOW INTO     FLOW TO   FLOW OUT OF   OVRLND.     DIRECT     STREAM       STREAM     STREAM     STREAM   STREAMBED  STREAMBED
                SEG.NO.  NO.  STRM. RCH.    AQUIFER    STRM. RCH.    RUNOFF     PRECIP       ET          HEAD       DEPTH      WIDTH   CONDCTNC.   GRADIENT

   1   46   51     1     1    0.0000E+00 -3.3969E-03   3.3969E-03  0.000E+00  0.000E+00  0.000E+00  1.24850E+02  1.185E-02  7.820E+00  1.720E-03 -3.949E+00
   1   47   51     1     2    3.3969E-03 -5.0235E-03   8.4204E-03  0.000E+00  0.000E+00  0.000E+00  1.24860E+02  2.504E-02  7.820E+00  2.581E-03 -3.893E+00
   1   48   51     1     3    8.4204E-03 -1.6637E-03   1.0084E-02  0.000E+00  0.000E+00  0.000E+00  1.24865E+02  3.276E-02  7.820E+00  8.602E-04 -3.868E+00
   1   48   52     1     4    1.0084E-02 -6.5951E-03   1.6679E-02  0.000E+00  0.000E+00  0.000E+00  1.24870E+02  4.089E-02  7.820E+00  3.441E-03 -3.833E+00
   1   49   52     1     5    1.6679E-02 -4.9165E-03   2.1596E-02  0.000E+00  0.000E+00  0.000E+00  1.24875E+02  5.067E-02  7.820E+00  2.581E-03 -3.810E+00
   1   49   53     1     6    2.1596E-02 -1.6391E-03   2.3235E-02  0.000E+00  0.000E+00  0.000E+00  1.24877E+02  5.572E-02  7.820E+00  8.602E-04 -3.811E+00
   1   50   53     1     7    2.3235E-02 -6.5093E-03   2.9744E-02  0.000E+00  0.000E+00  0.000E+00  1.24880E+02  6.159E-02  7.820E+00  3.441E-03 -3.784E+00
   1   51   53     1     8    2.9744E-02 -3.2556E-03   3.3000E-02  0.000E+00  0.000E+00  0.000E+00  1.24882E+02  6.817E-02  7.820E+00  1.720E-03 -3.785E+00
   1   51   54     1     9    3.3000E-02 -1.6312E-03   3.4631E-02  0.000E+00  0.000E+00  0.000E+00  1.24882E+02  7.131E-02  7.820E+00  8.602E-04 -3.792E+00
   1   52   54     2     1    3.4631E-02 -6.4811E-04   3.5279E-02  0.000E+00  0.000E+00  0.000E+00  1.24880E+02  7.310E-02  7.755E+00  3.412E-04 -3.799E+00
   1   53   54     2     2    3.5279E-02 -1.6061E-04   3.5440E-02  0.000E+00  0.000E+00  0.000E+00  1.24877E+02  7.408E-02  7.673E+00  8.441E-05 -3.806E+00
   1   53   55     2     3    3.5440E-02 -3.1952E-04   3.5759E-02  0.000E+00  0.000E+00  0.000E+00  1.24875E+02  7.467E-02  7.625E+00  1.677E-04 -3.810E+00
   1   54   55     2     4    3.5759E-02 -4.7429E-04   3.6234E-02  0.000E+00  0.000E+00  0.000E+00  1.24871E+02  7.565E-02  7.543E+00  2.489E-04 -3.811E+00
   1   55   55     2     5    3.6234E-02 -1.5672E-04   3.6390E-02  0.000E+00  0.000E+00  0.000E+00  1.24869E+02  7.644E-02  7.478E+00  8.226E-05 -3.810E+00
   1   55   56     2     6    3.6390E-02 -4.6616E-04   3.6856E-02  0.000E+00  0.000E+00  0.000E+00  1.24867E+02  7.724E-02  7.413E+00  2.446E-04 -3.811E+00
   1   56   56     2     7    3.6856E-02 -4.5993E-04   3.7316E-02  0.000E+00  0.000E+00  0.000E+00  1.24863E+02  7.845E-02  7.315E+00  2.414E-04 -3.810E+00
   1   57   56     2     8    3.7316E-02 -1.5181E-04   3.7468E-02  0.000E+00  0.000E+00  0.000E+00  1.24861E+02  7.926E-02  7.250E+00  7.975E-05 -3.807E+00
   1   57   57     2     9    3.7468E-02 -6.0025E-04   3.8068E-02  0.000E+00  0.000E+00  0.000E+00  1.24859E+02  8.028E-02  7.169E+00  3.154E-04 -3.806E+00
   1   58   57     2    10    3.8068E-02 -4.4283E-04   3.8511E-02  0.000E+00  0.000E+00  0.000E+00  1.24856E+02  8.172E-02  7.055E+00  2.328E-04 -3.804E+00
   1   58   58     2    11    3.8511E-02 -1.4632E-04   3.8658E-02  0.000E+00  0.000E+00  0.000E+00  1.24854E+02  8.256E-02  6.989E+00  7.688E-05 -3.806E+00
   1   59   58     2    12    3.8658E-02 -5.7743E-04   3.9235E-02  0.000E+00  0.000E+00  0.000E+00  1.24851E+02  8.361E-02  6.908E+00  3.040E-04 -3.799E+00
   1   60   58     2    13    3.9235E-02 -2.8445E-04   3.9519E-02  0.000E+00  0.000E+00  0.000E+00  1.24848E+02  8.488E-02  6.810E+00  1.498E-04 -3.797E+00
   1   60   59     2    14    3.9519E-02 -1.4125E-04   3.9661E-02  0.000E+00  0.000E+00  0.000E+00  1.24846E+02  8.553E-02  6.761E+00  7.438E-05 -3.798E+00
   1   61   59     2    15    3.9661E-02 -4.1907E-04   4.0080E-02  0.000E+00  0.000E+00  0.000E+00  1.24843E+02  8.639E-02  6.696E+00  2.210E-04 -3.793E+00
   1   62   59     2    16    4.0080E-02 -2.7567E-04   4.0355E-02  0.000E+00  0.000E+00  0.000E+00  1.24840E+02  8.748E-02  6.615E+00  1.455E-04 -3.789E+00
   1   62   60     2    17    4.0355E-02 -2.7295E-04   4.0628E-02  0.000E+00  0.000E+00  0.000E+00  1.24838E+02  8.836E-02  6.550E+00  1.441E-04 -3.788E+00
   1   63   60     2    18    4.0628E-02 -4.0382E-04   4.1032E-02  0.000E+00  0.000E+00  0.000E+00  1.24835E+02  8.947E-02  6.468E+00  2.135E-04 -3.784E+00
   1   64   60     2    19    4.1032E-02 -1.3307E-04   4.1165E-02  0.000E+00  0.000E+00  0.000E+00  1.24832E+02  9.037E-02  6.403E+00  7.044E-05 -3.779E+00
   1   64   61     2    20    4.1165E-02 -3.9504E-04   4.1560E-02  0.000E+00  0.000E+00  0.000E+00  1.24830E+02  9.128E-02  6.338E+00  2.092E-04 -3.777E+00
   1   65   61     2    21    4.1560E-02 -3.8851E-04   4.1949E-02  0.000E+00  0.000E+00  0.000E+00  1.24827E+02  9.266E-02  6.240E+00  2.059E-04 -3.773E+00
   1   66   61     2    22    4.1949E-02 -1.2793E-04   4.2077E-02  0.000E+00  0.000E+00  0.000E+00  1.24825E+02  9.359E-02  6.175E+00  6.793E-05 -3.767E+00
   1   66   62     2    23    4.2077E-02 -5.0470E-04   4.2581E-02  0.000E+00  0.000E+00  0.000E+00  1.24823E+02  9.476E-02  6.094E+00  2.681E-04 -3.765E+00
   1   67   62     2    24    4.2581E-02 -3.7103E-04   4.2952E-02  0.000E+00  0.000E+00  0.000E+00  1.24820E+02  9.643E-02  5.980E+00  1.973E-04 -3.760E+00
   1   67   63     2    25    4.2952E-02 -1.2234E-04   4.3075E-02  0.000E+00  0.000E+00  0.000E+00  1.24818E+02  9.741E-02  5.915E+00  6.506E-05 -3.761E+00
   1   68   63     2    26    4.3075E-02 -3.6223E-04   4.3437E-02  0.000E+00  0.000E+00  0.000E+00  1.24816E+02  9.839E-02  5.850E+00  1.930E-04 -3.753E+00
   1   69   63     2    27    4.3437E-02 -3.5570E-04   4.3793E-02  0.000E+00  0.000E+00  0.000E+00  1.24812E+02  9.988E-02  5.752E+00  1.898E-04 -3.748E+00
   1   69   64     2    28    4.3793E-02 -1.1722E-04   4.3910E-02  0.000E+00  0.000E+00  0.000E+00  1.24811E+02  1.009E-01  5.687E+00  6.255E-05 -3.748E+00
   1   70   64     2    29    4.3910E-02 -3.4701E-04   4.4257E-02  0.000E+00  0.000E+00  0.000E+00  1.24808E+02  1.019E-01  5.622E+00  1.855E-04 -3.741E+00
   1   71   64     2    30    4.4257E-02 -2.2765E-04   4.4485E-02  0.000E+00  0.000E+00  0.000E+00  1.24805E+02  1.032E-01  5.540E+00  1.219E-04 -3.735E+00
   1   71   65     2    31    4.4485E-02 -2.2492E-04   4.4710E-02  0.000E+00  0.000E+00  0.000E+00  1.24803E+02  1.043E-01  5.475E+00  1.205E-04 -3.735E+00
   1   72   65     2    32    4.4710E-02 -3.3181E-04   4.5041E-02  0.000E+00  0.000E+00  0.000E+00  1.24800E+02  1.056E-01  5.394E+00  1.780E-04 -3.728E+00
   1   73   65     2    33    4.5041E-02 -1.0909E-04   4.5150E-02  0.000E+00  0.000E+00  0.000E+00  1.24798E+02  1.067E-01  5.328E+00  5.861E-05 -3.722E+00
   1   73   66     2    34    4.5150E-02 -3.2311E-04   4.5474E-02  0.000E+00  0.000E+00  0.000E+00  1.24796E+02  1.078E-01  5.263E+00  1.737E-04 -3.721E+00
   1   74   66     2    35    4.5474E-02 -3.1663E-04   4.5790E-02  0.000E+00  0.000E+00  0.000E+00  1.24793E+02  1.095E-01  5.166E+00  1.705E-04 -3.715E+00
   1   75   66     2    36    4.5790E-02 -1.0401E-04   4.5894E-02  0.000E+00  0.000E+00  0.000E+00  1.24791E+02  1.106E-01  5.100E+00  5.610E-05 -3.708E+00
   1   75   67     2    37    4.5894E-02 -3.0788E-04   4.6202E-02  0.000E+00  0.000E+00  0.000E+00  1.24789E+02  1.118E-01  5.035E+00  1.662E-04 -3.706E+00
   1   76   67     2    38    4.6202E-02 -3.0147E-04   4.6504E-02  0.000E+00  0.000E+00  0.000E+00  1.24786E+02  1.135E-01  4.938E+00  1.629E-04 -3.700E+00
   1   76   68     2    39    4.6504E-02 -9.9147E-05   4.6603E-02  0.000E+00  0.000E+00  0.000E+00  1.24785E+02  1.147E-01  4.872E+00  5.360E-05 -3.700E+00
   1   77   68     2    40    4.6603E-02 -2.9276E-04   4.6895E-02  0.000E+00  0.000E+00  0.000E+00  1.24783E+02  1.160E-01  4.807E+00  1.586E-04 -3.691E+00
   1   78   68     2    41    4.6895E-02 -2.8633E-04   4.7182E-02  0.000E+00  0.000E+00  0.000E+00  1.24780E+02  1.178E-01  4.710E+00  1.554E-04 -3.685E+00
   1   78   69     2    42    4.7182E-02 -9.4100E-05   4.7276E-02  0.000E+00  0.000E+00  0.000E+00  1.24778E+02  1.191E-01  4.644E+00  5.109E-05 -3.684E+00
   1   79   69     2    43    4.7276E-02 -2.7774E-04   4.7554E-02  0.000E+00  0.000E+00  0.000E+00  1.24776E+02  1.204E-01  4.579E+00  1.511E-04 -3.676E+00
   1   80   69     2    44    4.7554E-02 -1.8154E-04   4.7735E-02  0.000E+00  0.000E+00  0.000E+00  1.24773E+02  1.221E-01  4.498E+00  9.895E-05 -3.669E+00
   1   80   70     2    45    4.7735E-02 -1.7883E-04   4.7914E-02  0.000E+00  0.000E+00  0.000E+00  1.24772E+02  1.234E-01  4.433E+00  9.752E-05 -3.667E+00
   1   81   70     2    46    4.7914E-02 -2.6278E-04   4.8177E-02  0.000E+00  0.000E+00  0.000E+00  1.24769E+02  1.251E-01  4.351E+00  1.436E-04 -3.660E+00
   1   82   70     2    47    4.8177E-02 -8.6115E-05   4.8263E-02  0.000E+00  0.000E+00  0.000E+00  1.24767E+02  1.266E-01  4.286E+00  4.715E-05 -3.653E+00
   1   82   71     2    48    4.8263E-02 -1.7019E-04   4.8433E-02  0.000E+00  0.000E+00  0.000E+00  1.24765E+02  1.276E-01  4.237E+00  9.322E-05 -3.651E+00
   1   83   71     2    49    4.8433E-02 -3.3184E-04   4.8765E-02  0.000E+00  0.000E+00  0.000E+00  1.24763E+02  1.298E-01  4.140E+00  1.821E-04 -3.644E+00
   1   84   71     2    50    4.8765E-02 -8.1128E-05   4.8846E-02  0.000E+00  0.000E+00  0.000E+00  1.24762E+02  1.317E-01  4.058E+00  4.464E-05 -3.635E+00
   1   84   72     2    51    4.8846E-02 -2.3930E-04   4.9085E-02  0.000E+00  0.000E+00  0.000E+00  1.24760E+02  1.333E-01  3.993E+00  1.318E-04 -3.632E+00
   1   85   72     2    52    4.9085E-02 -2.3300E-04   4.9318E-02  0.000E+00  0.000E+00  0.000E+00  1.24758E+02  1.357E-01  3.895E+00  1.285E-04 -3.625E+00
   1   85   73     2    53    4.9318E-02 -7.6330E-05   4.9395E-02  0.000E+00  0.000E+00  0.000E+00  1.24756E+02  1.373E-01  3.830E+00  4.213E-05 -3.623E+00
   1   86   73     2    54    4.9395E-02 -2.2447E-04   4.9619E-02  0.000E+00  0.000E+00  0.000E+00  1.24755E+02  1.390E-01  3.765E+00  1.242E-04 -3.613E+00
   1   87   73     2    55    4.9619E-02 -2.1818E-04   4.9837E-02  0.000E+00  0.000E+00  0.000E+00  1.24753E+02  1.416E-01  3.667E+00  1.210E-04 -3.606E+00
   1   87   74     2    56    4.9837E-02 -7.1391E-05   4.9909E-02  0.000E+00  0.000E+00  0.000E+00  1.24752E+02  1.433E-01  3.602E+00  3.962E-05 -3.603E+00
   1   88   74     2    57    4.9909E-02 -2.0976E-04   5.0118E-02  0.000E+00  0.000E+00  0.000E+00  1.24750E+02  1.452E-01  3.537E+00  1.167E-04 -3.594E+00
   1   89   74     2    58    5.0118E-02 -1.3631E-04   5.0255E-02  0.000E+00  0.000E+00  0.000E+00  1.24748E+02  1.475E-01  3.456E+00  7.603E-05 -3.586E+00
   1   89   75     2    59    5.0255E-02 -6.7156E-05   5.0322E-02  0.000E+00  0.000E+00  0.000E+00  1.24747E+02  1.490E-01  3.407E+00  3.748E-05 -3.584E+00
   1   90   75     2    60    5.0322E-02 -2.6150E-04   5.0583E-02  0.000E+00  0.000E+00  0.000E+00  1.24745E+02  1.514E-01  3.325E+00  1.463E-04 -3.574E+00
   1   91   75     2    61    5.0583E-02 -6.3605E-05   5.0647E-02  0.000E+00  0.000E+00  0.000E+00  1.24744E+02  1.540E-01  3.244E+00  3.568E-05 -3.565E+00
   1   91   76     2    62    5.0647E-02 -1.2521E-04   5.0772E-02  0.000E+00  0.000E+00  0.000E+00  1.24743E+02  1.556E-01  3.195E+00  7.029E-05 -3.562E+00
   1   92   76     2    63    5.0772E-02 -6.1445E-05   5.0834E-02  0.000E+00  0.000E+00  0.000E+00  1.24742E+02  1.572E-01  3.146E+00  3.461E-05 -3.551E+00
   1   93   76     3     1    5.0834E-02 -5.7157E-05   5.0891E-02  0.000E+00  0.000E+00  0.000E+00  1.24849E+02  2.648E-01  3.126E+00  3.439E-05 -3.324E+00
   1   93   77     3     2    5.0891E-02 -1.1370E-04   5.1005E-02  0.000E+00  0.000E+00  0.000E+00  1.24850E+02  2.656E-01  3.116E+00  6.855E-05 -3.317E+00
   1   94   77     3     3    5.1005E-02 -2.2477E-04   5.1229E-02  0.000E+00  0.000E+00  0.000E+00  1.24851E+02  2.673E-01  3.095E+00  1.362E-04 -3.302E+00
   1   95   77     3     4    5.1229E-02 -5.5624E-05   5.1285E-02  0.000E+00  0.000E+00  0.000E+00  1.24853E+02  2.686E-01  3.077E+00  3.384E-05 -3.287E+00
   1   95   78     3     5    5.1285E-02 -1.6574E-04   5.1451E-02  0.000E+00  0.000E+00  0.000E+00  1.24854E+02  2.697E-01  3.063E+00  1.011E-04 -3.280E+00
   1   96   78     3     6    5.1451E-02 -1.6381E-04   5.1615E-02  0.000E+00  0.000E+00  0.000E+00  1.24855E+02  2.714E-01  3.041E+00  1.004E-04 -3.264E+00
   1   96   79     3     7    5.1615E-02 -5.4239E-05   5.1669E-02  0.000E+00  0.000E+00  0.000E+00  1.24856E+02  2.725E-01  3.027E+00  3.330E-05 -3.258E+00
   1   97   79     3     8    5.1669E-02 -1.6121E-04   5.1830E-02  0.000E+00  0.000E+00  0.000E+00  1.24857E+02  2.736E-01  3.013E+00  9.943E-05 -3.243E+00
   1   98   79     3     9    5.1830E-02 -1.0635E-04   5.1936E-02  0.000E+00  0.000E+00  0.000E+00  1.24858E+02  2.750E-01  2.995E+00  6.589E-05 -3.228E+00
   1   98   80     3    10    5.1936E-02 -1.0562E-04   5.2042E-02  0.000E+00  0.000E+00  0.000E+00  1.24859E+02  2.761E-01  2.981E+00  6.558E-05 -3.221E+00
   1   99   80     3    11    5.2042E-02 -1.5673E-04   5.2199E-02  0.000E+00  0.000E+00  0.000E+00  1.24860E+02  2.775E-01  2.963E+00  9.779E-05 -3.206E+00
   1  100   80     3    12    5.2199E-02 -5.1760E-05   5.2250E-02  0.000E+00  0.000E+00  0.000E+00  1.24861E+02  2.787E-01  2.949E+00  3.244E-05 -3.191E+00
   1  100   81     3    13    5.2250E-02 -1.0293E-04   5.2353E-02  0.000E+00  0.000E+00  0.000E+00  1.24862E+02  2.795E-01  2.938E+00  6.465E-05 -3.184E+00
   1  101   81     3    14    5.2353E-02 -2.0334E-04   5.2557E-02  0.000E+00  0.000E+00  0.000E+00  1.24863E+02  2.812E-01  2.917E+00  1.284E-04 -3.168E+00
   1  102   81     3    15    5.2557E-02 -5.0285E-05   5.2607E-02  0.000E+00  0.000E+00  0.000E+00  1.24864E+02  2.827E-01  2.899E+00  3.189E-05 -3.153E+00
   1  102   82     3    16    5.2607E-02 -1.4976E-04   5.2757E-02  0.000E+00  0.000E+00  0.000E+00  1.24865E+02  2.838E-01  2.885E+00  9.521E-05 -3.146E+00
   1  103   82     3    17    5.2757E-02 -1.9692E-04   5.2954E-02  0.000E+00  0.000E+00  0.000E+00  1.24867E+02  2.859E-01  2.860E+00  1.259E-04 -3.129E+00
   1  103   83     3    18    5.2954E-02 -4.8813E-05   5.3002E-02  0.000E+00  0.000E+00  0.000E+00  1.24868E+02  2.873E-01  2.843E+00  3.127E-05 -3.122E+00
   1  104   83     3    19    5.3002E-02 -1.4499E-04   5.3147E-02  0.000E+00  0.000E+00  0.000E+00  1.24869E+02  2.885E-01  2.829E+00  9.334E-05 -3.107E+00
   1  105   83     3    20    5.3147E-02 -1.4317E-04   5.3291E-02  0.000E+00  0.000E+00  0.000E+00  1.24871E+02  2.903E-01  2.807E+00  9.264E-05 -3.091E+00
   1  105   84     3    21    5.3291E-02 -4.7375E-05   5.3338E-02  0.000E+00  0.000E+00  0.000E+00  1.24872E+02  2.915E-01  2.793E+00  3.072E-05 -3.084E+00
   1  106   84     3    22    5.3338E-02 -1.4070E-04   5.3479E-02  0.000E+00  0.000E+00  0.000E+00  1.24873E+02  2.927E-01  2.779E+00  9.170E-05 -3.069E+00
   1  107   84     3    23    5.3479E-02 -9.2736E-05   5.3571E-02  0.000E+00  0.000E+00  0.000E+00  1.24874E+02  2.942E-01  2.761E+00  6.074E-05 -3.053E+00
   1  107   85     3    24    5.3571E-02 -4.6091E-05   5.3618E-02  0.000E+00  0.000E+00  0.000E+00  1.24875E+02  2.951E-01  2.750E+00  3.026E-05 -3.047E+00
   1  108   85     3    25    5.3618E-02 -1.8221E-04   5.3800E-02  0.000E+00  0.000E+00  0.000E+00  1.24876E+02  2.966E-01  2.733E+00  1.202E-04 -3.031E+00
   1  109   85     3    26    5.3800E-02 -4.5027E-05   5.3845E-02  0.000E+00  0.000E+00  0.000E+00  1.24878E+02  2.982E-01  2.715E+00  2.987E-05 -3.015E+00
   1  109   86     3    27    5.3845E-02 -8.9497E-05   5.3934E-02  0.000E+00  0.000E+00  0.000E+00  1.24878E+02  2.991E-01  2.704E+00  5.950E-05 -3.009E+00
   1  110   86     3    28    5.3934E-02 -1.7661E-04   5.4111E-02  0.000E+00  0.000E+00  0.000E+00  1.24880E+02  3.010E-01  2.683E+00  1.181E-04 -2.992E+00
   1  111   86     3    29    5.4111E-02 -4.3632E-05   5.4155E-02  0.000E+00  0.000E+00  0.000E+00  1.24881E+02  3.025E-01  2.665E+00  2.932E-05 -2.976E+00
   1  111   87     3    30    5.4155E-02 -1.2986E-04   5.4284E-02  0.000E+00  0.000E+00  0.000E+00  1.24882E+02  3.038E-01  2.651E+00  8.749E-05 -2.969E+00
   1  112   87     3    31    5.4284E-02 -1.2811E-04   5.4412E-02  0.000E+00  0.000E+00  0.000E+00  1.24884E+02  3.057E-01  2.630E+00  8.679E-05 -2.952E+00
   1  112   88     3    32    5.4412E-02 -4.2371E-05   5.4455E-02  0.000E+00  0.000E+00  0.000E+00  1.24885E+02  3.070E-01  2.616E+00  2.877E-05 -2.945E+00
   1  113   88     3    33    5.4455E-02 -1.2575E-04   5.4581E-02  0.000E+00  0.000E+00  0.000E+00  1.24886E+02  3.083E-01  2.601E+00  8.585E-05 -2.930E+00
   1  114   88     3    34    5.4581E-02 -8.2813E-05   5.4663E-02  0.000E+00  0.000E+00  0.000E+00  1.24888E+02  3.099E-01  2.584E+00  5.684E-05 -2.914E+00
   1  114   89     3    35    5.4663E-02 -8.2148E-05   5.4746E-02  0.000E+00  0.000E+00  0.000E+00  1.24889E+02  3.112E-01  2.570E+00  5.653E-05 -2.906E+00
   1  115   89     3    36    5.4746E-02 -1.2169E-04   5.4867E-02  0.000E+00  0.000E+00  0.000E+00  1.24890E+02  3.129E-01  2.552E+00  8.421E-05 -2.890E+00
   1  116   89     3    37    5.4867E-02 -8.0116E-05   5.4947E-02  0.000E+00  0.000E+00  0.000E+00  1.24892E+02  3.145E-01  2.534E+00  5.575E-05 -2.874E+00
   1  116   90     3    38    5.4947E-02 -3.9795E-05   5.4987E-02  0.000E+00  0.000E+00  0.000E+00  1.24892E+02  3.155E-01  2.523E+00  2.776E-05 -2.867E+00
   1  117   90     3    39    5.4987E-02 -1.5715E-04   5.5144E-02  0.000E+00  0.000E+00  0.000E+00  1.24894E+02  3.172E-01  2.506E+00  1.103E-04 -2.851E+00
   1  118   90     3    40    5.5144E-02 -3.8792E-05   5.5183E-02  0.000E+00  0.000E+00  0.000E+00  1.24895E+02  3.189E-01  2.488E+00  2.737E-05 -2.835E+00
   1  118   91     3    41    5.5183E-02 -7.7058E-05   5.5260E-02  0.000E+00  0.000E+00  0.000E+00  1.24896E+02  3.199E-01  2.477E+00  5.450E-05 -2.828E+00
   1  119   91     3    42    5.5260E-02 -1.5187E-04   5.5412E-02  0.000E+00  0.000E+00  0.000E+00  1.24898E+02  3.220E-01  2.456E+00  1.081E-04 -2.811E+00
   1  120   91     3    43    5.5412E-02 -3.7476E-05   5.5450E-02  0.000E+00  0.000E+00  0.000E+00  1.24900E+02  3.237E-01  2.438E+00  2.682E-05 -2.794E+00
   1  120   92     3    44    5.5450E-02 -1.1145E-04   5.5561E-02  0.000E+00  0.000E+00  0.000E+00  1.24901E+02  3.251E-01  2.424E+00  8.000E-05 -2.786E+00
   1  121   92     3    45    5.5561E-02 -1.0980E-04   5.5671E-02  0.000E+00  0.000E+00  0.000E+00  1.24903E+02  3.272E-01  2.403E+00  7.929E-05 -2.769E+00
   1  121   93     3    46    5.5671E-02 -3.6286E-05   5.5707E-02  0.000E+00  0.000E+00  0.000E+00  1.24904E+02  3.287E-01  2.389E+00  2.628E-05 -2.762E+00
   1  122   93     3    47    5.5707E-02 -1.0758E-04   5.5815E-02  0.000E+00  0.000E+00  0.000E+00  1.24905E+02  3.301E-01  2.374E+00  7.836E-05 -2.746E+00
   1  123   93     3    48    5.5815E-02 -7.0759E-05   5.5885E-02  0.000E+00  0.000E+00  0.000E+00  1.24907E+02  3.319E-01  2.357E+00  5.185E-05 -2.729E+00
   1  123   94     3    49    5.5885E-02 -3.5129E-05   5.5921E-02  0.000E+00  0.000E+00  0.000E+00  1.24908E+02  3.330E-01  2.346E+00  2.581E-05 -2.722E+00
   1  124   94     3    50    5.5921E-02 -1.3858E-04   5.6059E-02  0.000E+00  0.000E+00  0.000E+00  1.24909E+02  3.348E-01  2.328E+00  1.024E-04 -2.705E+00
   1  125   94     3    51    5.6059E-02 -3.4173E-05   5.6093E-02  0.000E+00  0.000E+00  0.000E+00  1.24911E+02  3.367E-01  2.311E+00  2.542E-05 -2.689E+00
   1  125   95     3    52    5.6093E-02 -3.3984E-05   5.6127E-02  0.000E+00  0.000E+00  0.000E+00  1.24911E+02  3.374E-01  2.304E+00  2.534E-05 -2.682E+00
   1  126   95     4     1    5.6127E-02 -1.4251E-04   5.6270E-02  0.000E+00  0.000E+00  0.000E+00  1.24837E+02  2.635E-01  2.299E+00  1.012E-04 -2.818E+00
   1  127   95     4     2    5.6270E-02 -3.5445E-05   5.6305E-02  0.000E+00  0.000E+00  0.000E+00  1.24837E+02  2.638E-01  2.298E+00  2.528E-05 -2.805E+00
   1  127   96     4     3    5.6305E-02 -7.0737E-05   5.6376E-02  0.000E+00  0.000E+00  0.000E+00  1.24837E+02  2.640E-01  2.297E+00  5.054E-05 -2.799E+00
   1  128   96     4     4    5.6376E-02 -1.4071E-04   5.6517E-02  0.000E+00  0.000E+00  0.000E+00  1.24836E+02  2.644E-01  2.296E+00  1.010E-04 -2.786E+00
   1  129   96     4     5    5.6517E-02 -3.4995E-05   5.6552E-02  0.000E+00  0.000E+00  0.000E+00  1.24836E+02  2.648E-01  2.295E+00  2.524E-05 -2.773E+00
   1  129   97     4     6    5.6552E-02 -1.0474E-04   5.6656E-02  0.000E+00  0.000E+00  0.000E+00  1.24836E+02  2.650E-01  2.294E+00  7.569E-05 -2.768E+00
   1  130   97     4     7    5.6656E-02 -1.0418E-04   5.6761E-02  0.000E+00  0.000E+00  0.000E+00  1.24836E+02  2.654E-01  2.292E+00  7.564E-05 -2.755E+00
   1  130   98     4     8    5.6761E-02 -3.4651E-05   5.6795E-02  0.000E+00  0.000E+00  0.000E+00  1.24836E+02  2.657E-01  2.291E+00  2.520E-05 -2.750E+00
   1  131   98     4     9    5.6795E-02 -1.0339E-04   5.6899E-02  0.000E+00  0.000E+00  0.000E+00  1.24836E+02  2.659E-01  2.290E+00  7.558E-05 -2.736E+00
   1  132   98     4    10    5.6899E-02 -1.0284E-04   5.7001E-02  0.000E+00  0.000E+00  0.000E+00  1.24835E+02  2.663E-01  2.289E+00  7.553E-05 -2.723E+00
   1  132   99     4    11    5.7001E-02 -3.4202E-05   5.7036E-02  0.000E+00  0.000E+00  0.000E+00  1.24835E+02  2.666E-01  2.288E+00  2.517E-05 -2.718E+00
   1  133   99     4    12    5.7036E-02 -1.3605E-04   5.7172E-02  0.000E+00  0.000E+00  0.000E+00  1.24835E+02  2.669E-01  2.287E+00  1.006E-04 -2.704E+00
   1  134   99     4    13    5.7172E-02 -6.7655E-05   5.7239E-02  0.000E+00  0.000E+00  0.000E+00  1.24835E+02  2.673E-01  2.285E+00  5.028E-05 -2.691E+00
   1  134  100     4    14    5.7239E-02 -3.3755E-05   5.7273E-02  0.000E+00  0.000E+00  0.000E+00  1.24835E+02  2.675E-01  2.285E+00  2.513E-05 -2.686E+00
   1  135  100     4    15    5.7273E-02 -1.3427E-04   5.7407E-02  0.000E+00  0.000E+00  0.000E+00  1.24835E+02  2.678E-01  2.283E+00  1.005E-04 -2.673E+00
   1  136  100     4    16    5.7407E-02 -3.3386E-05   5.7441E-02  0.000E+00  0.000E+00  0.000E+00  1.24834E+02  2.681E-01  2.282E+00  2.511E-05 -2.660E+00
   1  136  101     4    17    5.7441E-02 -6.6624E-05   5.7507E-02  0.000E+00  0.000E+00  0.000E+00  1.24834E+02  2.683E-01  2.282E+00  5.020E-05 -2.655E+00
   1  137  101     4    18    5.7507E-02 -9.9383E-05   5.7607E-02  0.000E+00  0.000E+00  0.000E+00  1.24834E+02  2.686E-01  2.280E+00  7.525E-05 -2.641E+00
   1  138  101     4    19    5.7607E-02 -3.2949E-05   5.7640E-02  0.000E+00  0.000E+00  0.000E+00  1.24834E+02  2.689E-01  2.279E+00  2.507E-05 -2.628E+00
   1  138  102     4    20    5.7640E-02 -9.8602E-05   5.7738E-02  0.000E+00  0.000E+00  0.000E+00  1.24834E+02  2.691E-01  2.279E+00  7.519E-05 -2.623E+00
   1  139  102     4    21    5.7738E-02 -9.8043E-05   5.7836E-02  0.000E+00  0.000E+00  0.000E+00  1.24833E+02  2.695E-01  2.277E+00  7.515E-05 -2.609E+00
   1  140  102     4    22    5.7836E-02 -3.2500E-05   5.7869E-02  0.000E+00  0.000E+00  0.000E+00  1.24833E+02  2.697E-01  2.276E+00  2.504E-05 -2.596E+00
   1  140  103     4    23    5.7869E-02 -1.2965E-04   5.7999E-02  0.000E+00  0.000E+00  0.000E+00  1.24833E+02  2.701E-01  2.275E+00  1.001E-04 -2.590E+00
   1  141  103     4    24    5.7999E-02 -9.6672E-05   5.8095E-02  0.000E+00  0.000E+00  0.000E+00  1.24833E+02  2.705E-01  2.273E+00  7.502E-05 -2.577E+00
   1  141  104     4    25    5.8095E-02 -3.2149E-05   5.8127E-02  0.000E+00  0.000E+00  0.000E+00  1.24833E+02  2.707E-01  2.272E+00  2.500E-05 -2.572E+00
   1  142  104     4    26    5.8127E-02 -1.2784E-04   5.8255E-02  0.000E+00  0.000E+00  0.000E+00  1.24833E+02  2.710E-01  2.271E+00  9.993E-05 -2.558E+00
   1  143  104     4    27    5.8255E-02 -6.3551E-05   5.8319E-02  0.000E+00  0.000E+00  0.000E+00  1.24832E+02  2.714E-01  2.270E+00  4.994E-05 -2.545E+00
   1  143  105     4    28    5.8319E-02 -3.1704E-05   5.8350E-02  0.000E+00  0.000E+00  0.000E+00  1.24832E+02  2.716E-01  2.269E+00  2.496E-05 -2.540E+00
   1  144  105     4    29    5.8350E-02 -9.4565E-05   5.8445E-02  0.000E+00  0.000E+00  0.000E+00  1.24832E+02  2.718E-01  2.268E+00  7.485E-05 -2.527E+00
   1  145  105     4    30    5.8445E-02 -6.2679E-05   5.8508E-02  0.000E+00  0.000E+00  0.000E+00  1.24832E+02  2.722E-01  2.267E+00  4.987E-05 -2.514E+00
   1  145  106     4    31    5.8508E-02 -6.2524E-05   5.8570E-02  0.000E+00  0.000E+00  0.000E+00  1.24832E+02  2.724E-01  2.266E+00  4.985E-05 -2.508E+00
   1  146  106     4    32    5.8570E-02 -9.3232E-05   5.8663E-02  0.000E+00  0.000E+00  0.000E+00  1.24831E+02  2.727E-01  2.265E+00  7.474E-05 -2.495E+00
   1  147  106     4    33    5.8663E-02 -3.0899E-05   5.8694E-02  0.000E+00  0.000E+00  0.000E+00  1.24831E+02  2.729E-01  2.264E+00  2.490E-05 -2.482E+00
   1  147  107     4    34    5.8694E-02 -9.2459E-05   5.8787E-02  0.000E+00  0.000E+00  0.000E+00  1.24831E+02  2.732E-01  2.263E+00  7.468E-05 -2.476E+00
   1  148  107     4    35    5.8787E-02 -9.1900E-05   5.8879E-02  0.000E+00  0.000E+00  0.000E+00  1.24831E+02  2.735E-01  2.262E+00  7.463E-05 -2.463E+00
   1  149  107     4    36    5.8879E-02 -3.0454E-05   5.8909E-02  0.000E+00  0.000E+00  0.000E+00  1.24830E+02  2.738E-01  2.261E+00  2.487E-05 -2.449E+00
   1  149  108     4    37    5.8909E-02 -9.1122E-05   5.9000E-02  0.000E+00  0.000E+00  0.000E+00  1.24830E+02  2.740E-01  2.260E+00  7.457E-05 -2.444E+00
   1  150  108     4    38    5.9000E-02 -9.0568E-05   5.9091E-02  0.000E+00  0.000E+00  0.000E+00  1.24830E+02  2.744E-01  2.258E+00  7.452E-05 -2.431E+00
   1  150  109     4    39    5.9091E-02 -3.0115E-05   5.9121E-02  0.000E+00  0.000E+00  0.000E+00  1.24830E+02  2.746E-01  2.257E+00  2.483E-05 -2.426E+00
   1  151  109     4    40    5.9121E-02 -8.9789E-05   5.9211E-02  0.000E+00  0.000E+00  0.000E+00  1.24830E+02  2.748E-01  2.256E+00  7.446E-05 -2.412E+00
   1  152  109     4    41    5.9211E-02 -8.9236E-05   5.9300E-02  0.000E+00  0.000E+00  0.000E+00  1.24829E+02  2.752E-01  2.255E+00  7.441E-05 -2.398E+00
   1  152  110     4    42    5.9300E-02 -2.9671E-05   5.9330E-02  0.000E+00  0.000E+00  0.000E+00  1.24829E+02  2.754E-01  2.254E+00  2.479E-05 -2.393E+00
   1  153  110     4    43    5.9330E-02 -8.8464E-05   5.9418E-02  0.000E+00  0.000E+00  0.000E+00  1.24829E+02  2.757E-01  2.253E+00  7.435E-05 -2.380E+00
   1  154  110     4    44    5.9418E-02 -5.8615E-05   5.9477E-02  0.000E+00  0.000E+00  0.000E+00  1.24829E+02  2.760E-01  2.252E+00  4.954E-05 -2.366E+00
   1  154  111     4    45    5.9477E-02 -5.8465E-05   5.9535E-02  0.000E+00  0.000E+00  0.000E+00  1.24829E+02  2.762E-01  2.251E+00  4.952E-05 -2.361E+00
   1  155  111     4    46    5.9535E-02 -2.9052E-05   5.9564E-02  0.000E+00  0.000E+00  0.000E+00  1.24828E+02  2.764E-01  2.250E+00  2.475E-05 -2.347E+00
   1  156  111     5     1    5.9564E-02 -9.4353E-05   5.9659E-02  0.000E+00  0.000E+00  0.000E+00  1.24717E+02  1.749E-01  2.237E+00  7.381E-05 -2.557E+00
   1  157  111     5     2    5.9659E-02 -9.3267E-05   5.9752E-02  0.000E+00  0.000E+00  0.000E+00  1.24709E+02  1.763E-01  2.210E+00  7.292E-05 -2.558E+00
   1  158  111     5     3    5.9752E-02 -9.2180E-05   5.9844E-02  0.000E+00  0.000E+00  0.000E+00  1.24701E+02  1.778E-01  2.183E+00  7.204E-05 -2.559E+00
   1  159  111     5     4    5.9844E-02 -9.1090E-05   5.9935E-02  0.000E+00  0.000E+00  0.000E+00  1.24694E+02  1.793E-01  2.156E+00  7.116E-05 -2.560E+00
   1  160  111     5     5    5.9935E-02 -8.9998E-05   6.0025E-02  0.000E+00  0.000E+00  0.000E+00  1.24686E+02  1.808E-01  2.129E+00  7.027E-05 -2.561E+00
   1  161  111     5     6    6.0025E-02 -8.8903E-05   6.0114E-02  0.000E+00  0.000E+00  0.000E+00  1.24679E+02  1.823E-01  2.103E+00  6.939E-05 -2.562E+00
   1  162  111     5     7    6.0114E-02 -8.7805E-05   6.0202E-02  0.000E+00  0.000E+00  0.000E+00  1.24671E+02  1.839E-01  2.076E+00  6.850E-05 -2.563E+00
   1  163  111     5     8    6.0202E-02 -8.6705E-05   6.0289E-02  0.000E+00  0.000E+00  0.000E+00  1.24663E+02  1.855E-01  2.049E+00  6.762E-05 -2.564E+00
   1  164  111     5     9    6.0289E-02 -8.5603E-05   6.0374E-02  0.000E+00  0.000E+00  0.000E+00  1.24656E+02  1.871E-01  2.022E+00  6.674E-05 -2.565E+00
   1  165  111     5    10    6.0374E-02 -2.8208E-05   6.0402E-02  0.000E+00  0.000E+00  0.000E+00  1.24652E+02  1.882E-01  2.004E+00  2.205E-05 -2.559E+00
   1  166  111     6     1    6.0402E-02 -5.4668E-05   6.0457E-02  0.000E+00  0.000E+00  0.000E+00  1.24683E+02  2.214E-01  2.001E+00  4.402E-05 -2.484E+00
   1  166  112     6     2    6.0457E-02 -2.7316E-05   6.0484E-02  0.000E+00  0.000E+00  0.000E+00  1.24682E+02  2.214E-01  2.003E+00  2.203E-05 -2.480E+00
   1  167  112     6     3    6.0484E-02 -8.1659E-05   6.0566E-02  0.000E+00  0.000E+00  0.000E+00  1.24680E+02  2.214E-01  2.005E+00  6.616E-05 -2.468E+00
   1  168  112     6     4    6.0566E-02 -8.1433E-05   6.0647E-02  0.000E+00  0.000E+00  0.000E+00  1.24679E+02  2.213E-01  2.008E+00  6.627E-05 -2.457E+00
   1  168  113     6     5    6.0647E-02 -2.7135E-05   6.0675E-02  0.000E+00  0.000E+00  0.000E+00  1.24678E+02  2.213E-01  2.010E+00  2.212E-05 -2.454E+00
   1  169  113     6     6    6.0675E-02 -8.1107E-05   6.0756E-02  0.000E+00  0.000E+00  0.000E+00  1.24676E+02  2.213E-01  2.013E+00  6.642E-05 -2.442E+00
   1  170  113     6     7    6.0756E-02 -8.0882E-05   6.0837E-02  0.000E+00  0.000E+00  0.000E+00  1.24675E+02  2.212E-01  2.016E+00  6.653E-05 -2.432E+00
   1  170  114     6     8    6.0837E-02 -2.6951E-05   6.0864E-02  0.000E+00  0.000E+00  0.000E+00  1.24674E+02  2.212E-01  2.018E+00  2.220E-05 -2.428E+00
   1  171  114     6     9    6.0864E-02 -1.0743E-04   6.0971E-02  0.000E+00  0.000E+00  0.000E+00  1.24672E+02  2.212E-01  2.021E+00  8.892E-05 -2.416E+00
   1  172  114     6    10    6.0971E-02 -5.3567E-05   6.1025E-02  0.000E+00  0.000E+00  0.000E+00  1.24671E+02  2.211E-01  2.024E+00  4.453E-05 -2.406E+00
   1  172  115     6    11    6.1025E-02 -2.6765E-05   6.1051E-02  0.000E+00  0.000E+00  0.000E+00  1.24670E+02  2.211E-01  2.026E+00  2.229E-05 -2.402E+00
   1  173  115     6    12    6.1051E-02 -7.9982E-05   6.1131E-02  0.000E+00  0.000E+00  0.000E+00  1.24668E+02  2.211E-01  2.028E+00  6.693E-05 -2.390E+00
   1  174  115     6    13    6.1131E-02 -7.9759E-05   6.1211E-02  0.000E+00  0.000E+00  0.000E+00  1.24666E+02  2.210E-01  2.031E+00  6.704E-05 -2.380E+00
   1  174  116     6    14    6.1211E-02 -2.6576E-05   6.1238E-02  0.000E+00  0.000E+00  0.000E+00  1.24665E+02  2.210E-01  2.034E+00  2.237E-05 -2.376E+00
   1  175  116     6    15    6.1238E-02 -7.9406E-05   6.1317E-02  0.000E+00  0.000E+00  0.000E+00  1.24664E+02  2.210E-01  2.036E+00  6.718E-05 -2.364E+00
   1  176  116     6    16    6.1317E-02 -7.9184E-05   6.1396E-02  0.000E+00  0.000E+00  0.000E+00  1.24662E+02  2.209E-01  2.039E+00  6.729E-05 -2.353E+00
   1  176  117     6    17    6.1396E-02 -2.6384E-05   6.1423E-02  0.000E+00  0.000E+00  0.000E+00  1.24661E+02  2.209E-01  2.041E+00  2.245E-05 -2.350E+00
   1  177  117     6    18    6.1423E-02 -1.0512E-04   6.1528E-02  0.000E+00  0.000E+00  0.000E+00  1.24660E+02  2.209E-01  2.044E+00  8.994E-05 -2.338E+00
   1  178  117     6    19    6.1528E-02 -7.8643E-05   6.1606E-02  0.000E+00  0.000E+00  0.000E+00  1.24658E+02  2.208E-01  2.048E+00  6.758E-05 -2.327E+00
   1  179  117     6    20    6.1606E-02 -2.6106E-05   6.1632E-02  0.000E+00  0.000E+00  0.000E+00  1.24657E+02  2.208E-01  2.050E+00  2.255E-05 -2.315E+00
   1  179  118     6    21    6.1632E-02 -7.8271E-05   6.1711E-02  0.000E+00  0.000E+00  0.000E+00  1.24656E+02  2.207E-01  2.052E+00  6.773E-05 -2.311E+00
   1  180  118     6    22    6.1711E-02 -1.0409E-04   6.1815E-02  0.000E+00  0.000E+00  0.000E+00  1.24654E+02  2.207E-01  2.056E+00  9.048E-05 -2.301E+00
   1  181  118     6    23    6.1815E-02 -2.5922E-05   6.1841E-02  0.000E+00  0.000E+00  0.000E+00  1.24653E+02  2.206E-01  2.059E+00  2.265E-05 -2.289E+00
   1  181  119     6    24    6.1841E-02 -7.7719E-05   6.1918E-02  0.000E+00  0.000E+00  0.000E+00  1.24652E+02  2.206E-01  2.061E+00  6.802E-05 -2.285E+00
   1  182  119     6    25    6.1918E-02 -7.7487E-05   6.1996E-02  0.000E+00  0.000E+00  0.000E+00  1.24650E+02  2.206E-01  2.065E+00  6.813E-05 -2.275E+00
   1  183  119     6    26    6.1996E-02 -2.5722E-05   6.2022E-02  0.000E+00  0.000E+00  0.000E+00  1.24649E+02  2.205E-01  2.067E+00  2.273E-05 -2.263E+00
   1  183  120     6    27    6.2022E-02 -7.7116E-05   6.2099E-02  0.000E+00  0.000E+00  0.000E+00  1.24648E+02  2.205E-01  2.069E+00  6.827E-05 -2.259E+00
   1  184  120     6    28    6.2099E-02 -7.6875E-05   6.2176E-02  0.000E+00  0.000E+00  0.000E+00  1.24646E+02  2.205E-01  2.072E+00  6.838E-05 -2.248E+00
   1  185  120     6    29    6.2176E-02 -2.5518E-05   6.2201E-02  0.000E+00  0.000E+00  0.000E+00  1.24645E+02  2.204E-01  2.074E+00  2.282E-05 -2.237E+00
   1  185  121     6    30    6.2201E-02 -5.0991E-05   6.2252E-02  0.000E+00  0.000E+00  0.000E+00  1.24644E+02  2.204E-01  2.076E+00  4.567E-05 -2.233E+00
   1  186  121     6    31    6.2252E-02 -1.0164E-04   6.2354E-02  0.000E+00  0.000E+00  0.000E+00  1.24642E+02  2.204E-01  2.079E+00  9.149E-05 -2.222E+00
   1  187  121     6    32    6.2354E-02 -2.5312E-05   6.2379E-02  0.000E+00  0.000E+00  0.000E+00  1.24641E+02  2.203E-01  2.082E+00  2.290E-05 -2.210E+00
   1  187  122     6    33    6.2379E-02 -5.0577E-05   6.2430E-02  0.000E+00  0.000E+00  0.000E+00  1.24640E+02  2.203E-01  2.084E+00  4.584E-05 -2.206E+00
   1  188  122     6    34    6.2430E-02 -7.5584E-05   6.2505E-02  0.000E+00  0.000E+00  0.000E+00  1.24638E+02  2.202E-01  2.087E+00  6.886E-05 -2.195E+00
   1  189  122     6    35    6.2505E-02 -5.0190E-05   6.2555E-02  0.000E+00  0.000E+00  0.000E+00  1.24637E+02  2.202E-01  2.089E+00  4.597E-05 -2.184E+00
   1  189  123     6    36    6.2555E-02 -5.0157E-05   6.2606E-02  0.000E+00  0.000E+00  0.000E+00  1.24635E+02  2.202E-01  2.092E+00  4.601E-05 -2.180E+00
   1  190  123     6    37    6.2606E-02 -7.4946E-05   6.2681E-02  0.000E+00  0.000E+00  0.000E+00  1.24634E+02  2.201E-01  2.094E+00  6.911E-05 -2.169E+00
   1  191  123     6    38    6.2681E-02 -4.9766E-05   6.2730E-02  0.000E+00  0.000E+00  0.000E+00  1.24632E+02  2.201E-01  2.097E+00  4.614E-05 -2.157E+00
   1  191  124     6    39    6.2730E-02 -2.4860E-05   6.2755E-02  0.000E+00  0.000E+00  0.000E+00  1.24631E+02  2.201E-01  2.099E+00  2.309E-05 -2.154E+00
   1  192  124     6    40    6.2755E-02 -9.9037E-05   6.2854E-02  0.000E+00  0.000E+00  0.000E+00  1.24630E+02  2.200E-01  2.101E+00  9.246E-05 -2.142E+00
   1  193  124     6    41    6.2854E-02 -2.4662E-05   6.2879E-02  0.000E+00  0.000E+00  0.000E+00  1.24628E+02  2.200E-01  2.104E+00  2.315E-05 -2.131E+00
   1  193  125     6    42    6.2879E-02 -4.9274E-05   6.2928E-02  0.000E+00  0.000E+00  0.000E+00  1.24627E+02  2.200E-01  2.106E+00  4.633E-05 -2.127E+00
   1  194  125     6    43    6.2928E-02 -7.3604E-05   6.3002E-02  0.000E+00  0.000E+00  0.000E+00  1.24626E+02  2.199E-01  2.109E+00  6.959E-05 -2.115E+00
   1  195  125     6    44    6.3002E-02 -4.8873E-05   6.3051E-02  0.000E+00  0.000E+00  0.000E+00  1.24624E+02  2.199E-01  2.111E+00  4.645E-05 -2.104E+00
   1  195  126     6    45    6.3051E-02 -4.8837E-05   6.3099E-02  0.000E+00  0.000E+00  0.000E+00  1.24623E+02  2.198E-01  2.114E+00  4.650E-05 -2.101E+00
   1  196  126     6    46    6.3099E-02 -7.2939E-05   6.3172E-02  0.000E+00  0.000E+00  0.000E+00  1.24622E+02  2.198E-01  2.116E+00  6.984E-05 -2.089E+00
   1  197  126     6    47    6.3172E-02 -4.8431E-05   6.3221E-02  0.000E+00  0.000E+00  0.000E+00  1.24620E+02  2.197E-01  2.119E+00  4.662E-05 -2.078E+00
   1  197  127     6    48    6.3221E-02 -2.4191E-05   6.3245E-02  0.000E+00  0.000E+00  0.000E+00  1.24619E+02  2.197E-01  2.121E+00  2.333E-05 -2.074E+00
   1  198  127     6    49    6.3245E-02 -9.6326E-05   6.3341E-02  0.000E+00  0.000E+00  0.000E+00  1.24618E+02  2.197E-01  2.124E+00  9.344E-05 -2.062E+00
   1  199  127     6    50    6.3341E-02 -4.7983E-05   6.3389E-02  0.000E+00  0.000E+00  0.000E+00  1.24616E+02  2.196E-01  2.127E+00  4.679E-05 -2.051E+00
   1  199  128     6    51    6.3389E-02 -2.3967E-05   6.3413E-02  0.000E+00  0.000E+00  0.000E+00  1.24615E+02  2.196E-01  2.128E+00  2.341E-05 -2.047E+00
   1  200  128     6    52    6.3413E-02 -7.1546E-05   6.3485E-02  0.000E+00  0.000E+00  0.000E+00  1.24614E+02  2.195E-01  2.131E+00  7.031E-05 -2.035E+00
   1  201  128     6    53    6.3485E-02 -7.1272E-05   6.3556E-02  0.000E+00  0.000E+00  0.000E+00  1.24612E+02  2.195E-01  2.134E+00  7.042E-05 -2.024E+00
   1  201  129     6    54    6.3556E-02 -2.3739E-05   6.3580E-02  0.000E+00  0.000E+00  0.000E+00  1.24611E+02  2.195E-01  2.136E+00  2.350E-05 -2.021E+00
   1  202  129     6    55    6.3580E-02 -7.0855E-05   6.3651E-02  0.000E+00  0.000E+00  0.000E+00  1.24609E+02  2.194E-01  2.138E+00  7.057E-05 -2.008E+00
   1  203  129     6    56    6.3651E-02 -7.0583E-05   6.3721E-02  0.000E+00  0.000E+00  0.000E+00  1.24608E+02  2.194E-01  2.142E+00  7.068E-05 -1.997E+00
   1  203  130     6    57    6.3721E-02 -2.3509E-05   6.3745E-02  0.000E+00  0.000E+00  0.000E+00  1.24607E+02  2.193E-01  2.144E+00  2.358E-05 -1.994E+00
   1  204  130     6    58    6.3745E-02 -9.3565E-05   6.3838E-02  0.000E+00  0.000E+00  0.000E+00  1.24605E+02  2.193E-01  2.147E+00  9.445E-05 -1.981E+00
   1  205  130     6    59    6.3838E-02 -2.3276E-05   6.3862E-02  0.000E+00  0.000E+00  0.000E+00  1.24604E+02  2.192E-01  2.149E+00  2.364E-05 -1.969E+00
   1  205  131     7     1    6.3862E-02 -2.3252E-05   6.3885E-02  0.000E+00  0.000E+00  0.000E+00  1.24602E+02  2.199E-01  2.148E+00  2.363E-05 -1.968E+00
   1  206  131     7     2    6.3885E-02 -6.9042E-05   6.3954E-02  0.000E+00  0.000E+00  0.000E+00  1.24601E+02  2.205E-01  2.140E+00  7.063E-05 -1.955E+00
   1  207  131     7     3    6.3954E-02 -9.0952E-05   6.4045E-02  0.000E+00  0.000E+00  0.000E+00  1.24599E+02  2.215E-01  2.127E+00  9.357E-05 -1.944E+00
   1  208  131     7     4    6.4045E-02 -2.2493E-05   6.4067E-02  0.000E+00  0.000E+00  0.000E+00  1.24598E+02  2.222E-01  2.117E+00  2.329E-05 -1.932E+00
   1  208  132     7     5    6.4067E-02 -4.4770E-05   6.4112E-02  0.000E+00  0.000E+00  0.000E+00  1.24597E+02  2.226E-01  2.111E+00  4.644E-05 -1.928E+00
   1  209  132     7     6    6.4112E-02 -6.6449E-05   6.4179E-02  0.000E+00  0.000E+00  0.000E+00  1.24595E+02  2.234E-01  2.101E+00  6.934E-05 -1.917E+00
   1  210  132     7     7    6.4179E-02 -4.3833E-05   6.4222E-02  0.000E+00  0.000E+00  0.000E+00  1.24593E+02  2.241E-01  2.092E+00  4.601E-05 -1.905E+00
   1  210  133     7     8    6.4222E-02 -2.1812E-05   6.4244E-02  0.000E+00  0.000E+00  0.000E+00  1.24592E+02  2.246E-01  2.086E+00  2.294E-05 -1.901E+00
   1  211  133     7     9    6.4244E-02 -8.6261E-05   6.4331E-02  0.000E+00  0.000E+00  0.000E+00  1.24591E+02  2.253E-01  2.076E+00  9.134E-05 -1.889E+00
   1  212  133     7    10    6.4331E-02 -6.3895E-05   6.4394E-02  0.000E+00  0.000E+00  0.000E+00  1.24590E+02  2.263E-01  2.062E+00  6.806E-05 -1.878E+00
   1  213  133     7    11    6.4394E-02 -2.1073E-05   6.4415E-02  0.000E+00  0.000E+00  0.000E+00  1.24589E+02  2.270E-01  2.055E+00  2.260E-05 -1.865E+00
   1  213  134     7    12    6.4415E-02 -6.2832E-05   6.4478E-02  0.000E+00  0.000E+00  0.000E+00  1.24588E+02  2.276E-01  2.047E+00  6.754E-05 -1.860E+00
   1  214  134     7    13    6.4478E-02 -6.2105E-05   6.4540E-02  0.000E+00  0.000E+00  0.000E+00  1.24586E+02  2.285E-01  2.035E+00  6.716E-05 -1.850E+00
   1  215  134     7    14    6.4540E-02 -4.0933E-05   6.4581E-02  0.000E+00  0.000E+00  0.000E+00  1.24585E+02  2.292E-01  2.025E+00  4.456E-05 -1.837E+00
   1  215  135     7    15    6.4581E-02 -4.0682E-05   6.4622E-02  0.000E+00  0.000E+00  0.000E+00  1.24584E+02  2.299E-01  2.018E+00  4.439E-05 -1.833E+00
   1  216  135     7    16    6.4622E-02 -6.0338E-05   6.4682E-02  0.000E+00  0.000E+00  0.000E+00  1.24582E+02  2.306E-01  2.008E+00  6.626E-05 -1.821E+00
   1  217  135     7    17    6.4682E-02 -3.9783E-05   6.4722E-02  0.000E+00  0.000E+00  0.000E+00  1.24581E+02  2.314E-01  1.998E+00  4.396E-05 -1.810E+00
   1  217  136     7    18    6.4722E-02 -1.9791E-05   6.4742E-02  0.000E+00  0.000E+00  0.000E+00  1.24580E+02  2.319E-01  1.992E+00  2.191E-05 -1.806E+00
   1  218  136     7    19    6.4742E-02 -5.8727E-05   6.4801E-02  0.000E+00  0.000E+00  0.000E+00  1.24578E+02  2.325E-01  1.984E+00  6.549E-05 -1.794E+00
   1  219  136     7    20    6.4801E-02 -7.7272E-05   6.4878E-02  0.000E+00  0.000E+00  0.000E+00  1.24577E+02  2.336E-01  1.971E+00  8.672E-05 -1.782E+00
   1  220  136     7    21    6.4878E-02 -1.9081E-05   6.4897E-02  0.000E+00  0.000E+00  0.000E+00  1.24576E+02  2.344E-01  1.961E+00  2.157E-05 -1.769E+00
   1  220  137     7    22    6.4897E-02 -5.6875E-05   6.4954E-02  0.000E+00  0.000E+00  0.000E+00  1.24575E+02  2.351E-01  1.953E+00  6.446E-05 -1.765E+00
   1  221  137     7    23    6.4954E-02 -5.6172E-05   6.5010E-02  0.000E+00  0.000E+00  0.000E+00  1.24573E+02  2.360E-01  1.942E+00  6.407E-05 -1.753E+00
   1  222  137     7    24    6.5010E-02 -3.7001E-05   6.5047E-02  0.000E+00  0.000E+00  0.000E+00  1.24572E+02  2.369E-01  1.932E+00  4.250E-05 -1.741E+00
   1  222  138     7    25    6.5047E-02 -1.8403E-05   6.5065E-02  0.000E+00  0.000E+00  0.000E+00  1.24571E+02  2.373E-01  1.926E+00  2.119E-05 -1.737E+00
   1  223  138     7    26    6.5065E-02 -7.2724E-05   6.5138E-02  0.000E+00  0.000E+00  0.000E+00  1.24570E+02  2.382E-01  1.916E+00  8.432E-05 -1.725E+00
   1  224  138     7    27    6.5138E-02 -3.5898E-05   6.5174E-02  0.000E+00  0.000E+00  0.000E+00  1.24568E+02  2.392E-01  1.905E+00  4.190E-05 -1.713E+00
   1  224  139     7    28    6.5174E-02 -1.7853E-05   6.5192E-02  0.000E+00  0.000E+00  0.000E+00  1.24567E+02  2.397E-01  1.899E+00  2.089E-05 -1.710E+00
   1  225  139     7    29    6.5192E-02 -5.2935E-05   6.5245E-02  0.000E+00  0.000E+00  0.000E+00  1.24566E+02  2.403E-01  1.891E+00  6.240E-05 -1.697E+00
   1  226  139     7    30    6.5245E-02 -6.9595E-05   6.5314E-02  0.000E+00  0.000E+00  0.000E+00  1.24564E+02  2.415E-01  1.877E+00  8.260E-05 -1.685E+00
   1  227  139     7    31    6.5314E-02 -1.7174E-05   6.5332E-02  0.000E+00  0.000E+00  0.000E+00  1.24564E+02  2.424E-01  1.868E+00  2.054E-05 -1.672E+00
   1  227  140     7    32    6.5332E-02 -5.1171E-05   6.5383E-02  0.000E+00  0.000E+00  0.000E+00  1.24563E+02  2.431E-01  1.860E+00  6.137E-05 -1.667E+00
   1  228  140     7    33    6.5383E-02 -5.0493E-05   6.5433E-02  0.000E+00  0.000E+00  0.000E+00  1.24561E+02  2.441E-01  1.848E+00  6.099E-05 -1.656E+00
   1  229  140     7    34    6.5433E-02 -3.3239E-05   6.5467E-02  0.000E+00  0.000E+00  0.000E+00  1.24560E+02  2.450E-01  1.838E+00  4.045E-05 -1.644E+00
   1  229  141     7    35    6.5467E-02 -1.6526E-05   6.5483E-02  0.000E+00  0.000E+00  0.000E+00  1.24559E+02  2.455E-01  1.833E+00  2.016E-05 -1.640E+00
   1  230  141     7    36    6.5483E-02 -6.5252E-05   6.5548E-02  0.000E+00  0.000E+00  0.000E+00  1.24558E+02  2.464E-01  1.823E+00  8.021E-05 -1.627E+00
   1  231  141     7    37    6.5548E-02 -3.2187E-05   6.5581E-02  0.000E+00  0.000E+00  0.000E+00  1.24556E+02  2.474E-01  1.811E+00  3.985E-05 -1.616E+00
   1  231  142     7    38    6.5581E-02 -1.6002E-05   6.5597E-02  0.000E+00  0.000E+00  0.000E+00  1.24555E+02  2.480E-01  1.805E+00  1.986E-05 -1.612E+00
   1  232  142     7    39    6.5597E-02 -4.7408E-05   6.5644E-02  0.000E+00  0.000E+00  0.000E+00  1.24554E+02  2.487E-01  1.798E+00  5.932E-05 -1.598E+00
   1  233  142     7    40    6.5644E-02 -4.6748E-05   6.5691E-02  0.000E+00  0.000E+00  0.000E+00  1.24553E+02  2.498E-01  1.786E+00  5.893E-05 -1.586E+00
   1  234  142     8     1    6.5691E-02 -1.7189E-05   6.5708E-02  0.000E+00  0.000E+00  0.000E+00  1.24461E+02  1.605E-01  1.780E+00  1.958E-05 -1.756E+00
   1  234  143     8     2    6.5708E-02 -5.1636E-05   6.5760E-02  0.000E+00  0.000E+00  0.000E+00  1.24457E+02  1.606E-01  1.780E+00  5.874E-05 -1.758E+00
   1  235  143     8     3    6.5760E-02 -5.1660E-05   6.5811E-02  0.000E+00  0.000E+00  0.000E+00  1.24449E+02  1.606E-01  1.780E+00  5.874E-05 -1.759E+00
   1  236  143     8     4    6.5811E-02 -3.4387E-05   6.5846E-02  0.000E+00  0.000E+00  0.000E+00  1.24443E+02  1.607E-01  1.780E+00  3.916E-05 -1.756E+00
   1  236  144     8     5    6.5846E-02 -3.4437E-05   6.5880E-02  0.000E+00  0.000E+00  0.000E+00  1.24439E+02  1.607E-01  1.780E+00  3.916E-05 -1.759E+00
   1  237  144     8     6    6.5880E-02 -5.1596E-05   6.5932E-02  0.000E+00  0.000E+00  0.000E+00  1.24432E+02  1.608E-01  1.780E+00  5.874E-05 -1.757E+00
   1  238  144     8     7    6.5932E-02 -5.1597E-05   6.5983E-02  0.000E+00  0.000E+00  0.000E+00  1.24425E+02  1.609E-01  1.780E+00  5.874E-05 -1.757E+00
   1  238  145     8     8    6.5983E-02 -1.7225E-05   6.6000E-02  0.000E+00  0.000E+00  0.000E+00  1.24420E+02  1.609E-01  1.780E+00  1.958E-05 -1.759E+00
   1  239  145     8     9    6.6000E-02 -6.8707E-05   6.6069E-02  0.000E+00  0.000E+00  0.000E+00  1.24415E+02  1.610E-01  1.780E+00  7.832E-05 -1.755E+00
   1  240  145     8    10    6.6069E-02 -5.1585E-05   6.6121E-02  0.000E+00  0.000E+00  0.000E+00  1.24407E+02  1.611E-01  1.780E+00  5.874E-05 -1.756E+00
   1  241  145     8    11    6.6121E-02 -1.7142E-05   6.6138E-02  0.000E+00  0.000E+00  0.000E+00  1.24402E+02  1.611E-01  1.780E+00  1.958E-05 -1.751E+00
   1  241  146     8    12    6.6138E-02 -5.1498E-05   6.6189E-02  0.000E+00  0.000E+00  0.000E+00  1.24398E+02  1.612E-01  1.780E+00  5.874E-05 -1.753E+00
   1  242  146     8    13    6.6189E-02 -5.1523E-05   6.6241E-02  0.000E+00  0.000E+00  0.000E+00  1.24390E+02  1.613E-01  1.780E+00  5.874E-05 -1.754E+00
   1  243  146     8    14    6.6241E-02 -3.4296E-05   6.6275E-02  0.000E+00  0.000E+00  0.000E+00  1.24384E+02  1.613E-01  1.780E+00  3.916E-05 -1.752E+00
   1  243  147     8    15    6.6275E-02 -3.4347E-05   6.6310E-02  0.000E+00  0.000E+00  0.000E+00  1.24380E+02  1.614E-01  1.780E+00  3.916E-05 -1.754E+00
   1  244  147     8    16    6.6310E-02 -5.1462E-05   6.6361E-02  0.000E+00  0.000E+00  0.000E+00  1.24374E+02  1.614E-01  1.780E+00  5.874E-05 -1.752E+00
   1  245  147     8    17    6.6361E-02 -3.4310E-05   6.6395E-02  0.000E+00  0.000E+00  0.000E+00  1.24366E+02  1.615E-01  1.780E+00  3.916E-05 -1.752E+00
   1  245  148     8    18    6.6395E-02 -1.7182E-05   6.6412E-02  0.000E+00  0.000E+00  0.000E+00  1.24362E+02  1.615E-01  1.780E+00  1.958E-05 -1.755E+00
   1  246  148     8    19    6.6412E-02 -5.1402E-05   6.6464E-02  0.000E+00  0.000E+00  0.000E+00  1.24357E+02  1.616E-01  1.780E+00  5.874E-05 -1.750E+00
   1  247  148     8    20    6.6464E-02 -6.8605E-05   6.6532E-02  0.000E+00  0.000E+00  0.000E+00  1.24348E+02  1.617E-01  1.780E+00  7.832E-05 -1.752E+00
   1  248  148     8    21    6.6532E-02 -1.7098E-05   6.6550E-02  0.000E+00  0.000E+00  0.000E+00  1.24344E+02  1.617E-01  1.780E+00  1.958E-05 -1.746E+00
   1  248  149     8    22    6.6550E-02 -5.1368E-05   6.6601E-02  0.000E+00  0.000E+00  0.000E+00  1.24340E+02  1.618E-01  1.780E+00  5.874E-05 -1.749E+00
   1  249  149     8    23    6.6601E-02 -5.1394E-05   6.6652E-02  0.000E+00  0.000E+00  0.000E+00  1.24332E+02  1.619E-01  1.780E+00  5.874E-05 -1.750E+00
   1  250  149     8    24    6.6652E-02 -3.4210E-05   6.6687E-02  0.000E+00  0.000E+00  0.000E+00  1.24326E+02  1.619E-01  1.780E+00  3.916E-05 -1.747E+00
   1  250  150     8    25    6.6687E-02 -1.7132E-05   6.6704E-02  0.000E+00  0.000E+00  0.000E+00  1.24321E+02  1.620E-01  1.780E+00  1.958E-05 -1.750E+00
   1  251  150     8    26    6.6704E-02 -6.8445E-05   6.6772E-02  0.000E+00  0.000E+00  0.000E+00  1.24315E+02  1.620E-01  1.780E+00  7.832E-05 -1.748E+00
   1  252  150     8    27    6.6772E-02 -3.4225E-05   6.6806E-02  0.000E+00  0.000E+00  0.000E+00  1.24307E+02  1.621E-01  1.780E+00  3.916E-05 -1.748E+00
   1  252  151     8    28    6.6806E-02 -1.7140E-05   6.6823E-02  0.000E+00  0.000E+00  0.000E+00  1.24303E+02  1.621E-01  1.780E+00  1.958E-05 -1.751E+00
   1  253  151     8    29    6.6823E-02 -5.1277E-05   6.6875E-02  0.000E+00  0.000E+00  0.000E+00  1.24298E+02  1.622E-01  1.780E+00  5.874E-05 -1.746E+00
   1  254  151     8    30    6.6875E-02 -5.1331E-05   6.6926E-02  0.000E+00  0.000E+00  0.000E+00  1.24290E+02  1.623E-01  1.780E+00  5.874E-05 -1.748E+00
   1  255  151     8    31    6.6926E-02 -1.7057E-05   6.6943E-02  0.000E+00  0.000E+00  0.000E+00  1.24285E+02  1.623E-01  1.780E+00  1.958E-05 -1.742E+00
   1  255  152     8    32    6.6943E-02 -5.1247E-05   6.6994E-02  0.000E+00  0.000E+00  0.000E+00  1.24281E+02  1.624E-01  1.780E+00  5.874E-05 -1.745E+00
   1  256  152     8    33    6.6994E-02 -5.1273E-05   6.7046E-02  0.000E+00  0.000E+00  0.000E+00  1.24273E+02  1.624E-01  1.780E+00  5.874E-05 -1.746E+00
   1  257  152     8    34    6.7046E-02 -1.7066E-05   6.7063E-02  0.000E+00  0.000E+00  0.000E+00  1.24267E+02  1.625E-01  1.780E+00  1.958E-05 -1.743E+00
   1  257  153     8    35    6.7063E-02 -3.4183E-05   6.7097E-02  0.000E+00  0.000E+00  0.000E+00  1.24263E+02  1.625E-01  1.780E+00  3.916E-05 -1.746E+00
   1  258  153     8    36    6.7097E-02 -6.8286E-05   6.7165E-02  0.000E+00  0.000E+00  0.000E+00  1.24256E+02  1.626E-01  1.780E+00  7.832E-05 -1.744E+00
   1  259  153     8    37    6.7165E-02 -3.4147E-05   6.7199E-02  0.000E+00  0.000E+00  0.000E+00  1.24249E+02  1.627E-01  1.780E+00  3.916E-05 -1.744E+00
   1  259  154     8    38    6.7199E-02 -1.7101E-05   6.7216E-02  0.000E+00  0.000E+00  0.000E+00  1.24245E+02  1.627E-01  1.780E+00  1.958E-05 -1.747E+00
   1  260  154     8    39    6.7216E-02 -5.1161E-05   6.7268E-02  0.000E+00  0.000E+00  0.000E+00  1.24240E+02  1.628E-01  1.780E+00  5.874E-05 -1.742E+00
   1  261  154     8    40    6.7268E-02 -5.1217E-05   6.7319E-02  0.000E+00  0.000E+00  0.000E+00  1.24231E+02  1.628E-01  1.780E+00  5.874E-05 -1.744E+00
   1  262  154     8    41    6.7319E-02 -1.7020E-05   6.7336E-02  0.000E+00  0.000E+00  0.000E+00  1.24226E+02  1.629E-01  1.780E+00  1.958E-05 -1.738E+00
   1  262  155     8    42    6.7336E-02 -5.1137E-05   6.7387E-02  0.000E+00  0.000E+00  0.000E+00  1.24222E+02  1.629E-01  1.780E+00  5.874E-05 -1.741E+00
   1  263  155     8    43    6.7387E-02 -5.1164E-05   6.7438E-02  0.000E+00  0.000E+00  0.000E+00  1.24214E+02  1.630E-01  1.780E+00  5.874E-05 -1.742E+00
   1  264  155     8    44    6.7438E-02 -1.7030E-05   6.7455E-02  0.000E+00  0.000E+00  0.000E+00  1.24208E+02  1.631E-01  1.780E+00  1.958E-05 -1.740E+00
   1  264  156     8    45    6.7455E-02 -3.4114E-05   6.7489E-02  0.000E+00  0.000E+00  0.000E+00  1.24204E+02  1.631E-01  1.780E+00  3.916E-05 -1.742E+00
   1  265  156     8    46    6.7489E-02 -5.1115E-05   6.7540E-02  0.000E+00  0.000E+00  0.000E+00  1.24198E+02  1.632E-01  1.780E+00  5.874E-05 -1.740E+00
   1  266  156     8    47    6.7540E-02 -5.1121E-05   6.7592E-02  0.000E+00  0.000E+00  0.000E+00  1.24190E+02  1.632E-01  1.780E+00  5.874E-05 -1.741E+00
   1  266  157     8    48    6.7592E-02 -1.7069E-05   6.7609E-02  0.000E+00  0.000E+00  0.000E+00  1.24186E+02  1.633E-01  1.780E+00  1.958E-05 -1.744E+00
   1  267  157     8    49    6.7609E-02 -1.6950E-05   6.7626E-02  0.000E+00  0.000E+00  0.000E+00  1.24185E+02  1.633E-01  1.780E+00  1.958E-05 -1.731E+00
